111 0
-112 0
-113 0
-114 0
-115 0
-116 0
-117 0
-118 0
-119 0
149 0
-141 0
-142 0
-143 0
-144 0
-145 0
-146 0
-147 0
-148 0
155 0
-151 0
-152 0
-153 0
-154 0
-156 0
-157 0
-158 0
-159 0
197 0
-191 0
-192 0
-193 0
-194 0
-195 0
-196 0
-198 0
-199 0
224 0
-221 0
-222 0
-223 0
-225 0
-226 0
-227 0
-228 0
-229 0
286 0
-281 0
-282 0
-283 0
-284 0
-285 0
-287 0
-288 0
-289 0
332 0
-331 0
-333 0
-334 0
-335 0
-336 0
-337 0
-338 0
-339 0
366 0
-361 0
-362 0
-363 0
-364 0
-365 0
-367 0
-368 0
-369 0
379 0
-371 0
-372 0
-373 0
-374 0
-375 0
-376 0
-377 0
-378 0
445 0
-441 0
-442 0
-443 0
-444 0
-446 0
-447 0
-448 0
-449 0
468 0
-461 0
-462 0
-463 0
-464 0
-465 0
-466 0
-467 0
-469 0
523 0
-521 0
-522 0
-524 0
-525 0
-526 0
-527 0
-528 0
-529 0
588 0
-581 0
-582 0
-583 0
-584 0
-585 0
-586 0
-587 0
-589 0
617 0
-611 0
-612 0
-613 0
-614 0
-615 0
-616 0
-618 0
-619 0
643 0
-641 0
-642 0
-644 0
-645 0
-646 0
-647 0
-648 0
-649 0
662 0
-661 0
-663 0
-664 0
-665 0
-666 0
-667 0
-668 0
-669 0
691 0
-692 0
-693 0
-694 0
-695 0
-696 0
-697 0
-698 0
-699 0
735 0
-731 0
-732 0
-733 0
-734 0
-736 0
-737 0
-738 0
-739 0
767 0
-761 0
-762 0
-763 0
-764 0
-765 0
-766 0
-768 0
-769 0
771 0
-772 0
-773 0
-774 0
-775 0
-776 0
-777 0
-778 0
-779 0
827 0
-821 0
-822 0
-823 0
-824 0
-825 0
-826 0
-828 0
-829 0
889 0
-881 0
-882 0
-883 0
-884 0
-885 0
-886 0
-887 0
-888 0
914 0
-911 0
-912 0
-913 0
-915 0
-916 0
-917 0
-918 0
-919 0
941 0
-942 0
-943 0
-944 0
-945 0
-946 0
-947 0
-948 0
-949 0
952 0
-951 0
-953 0
-954 0
-955 0
-956 0
-957 0
-958 0
-959 0
998 0
-991 0
-992 0
-993 0
-994 0
-995 0
-996 0
-997 0
-999 0
