129 0
-121 0
-122 0
-123 0
-124 0
-125 0
-126 0
-127 0
-128 0
135 0
-131 0
-132 0
-133 0
-134 0
-136 0
-137 0
-138 0
-139 0
211 0
-212 0
-213 0
-214 0
-215 0
-216 0
-217 0
-218 0
-219 0
254 0
-251 0
-252 0
-253 0
-255 0
-256 0
-257 0
-258 0
-259 0
283 0
-281 0
-282 0
-284 0
-285 0
-286 0
-287 0
-288 0
-289 0
295 0
-291 0
-292 0
-293 0
-294 0
-296 0
-297 0
-298 0
-299 0
326 0
-321 0
-322 0
-323 0
-324 0
-325 0
-327 0
-328 0
-329 0
358 0
-351 0
-352 0
-353 0
-354 0
-355 0
-356 0
-357 0
-359 0
377 0
-371 0
-372 0
-373 0
-374 0
-375 0
-376 0
-378 0
-379 0
448 0
-441 0
-442 0
-443 0
-444 0
-445 0
-446 0
-447 0
-449 0
463 0
-461 0
-462 0
-464 0
-465 0
-466 0
-467 0
-468 0
-469 0
516 0
-511 0
-512 0
-513 0
-514 0
-515 0
-517 0
-518 0
-519 0
581 0
-582 0
-583 0
-584 0
-585 0
-586 0
-587 0
-588 0
-589 0
619 0
-611 0
-612 0
-613 0
-614 0
-615 0
-616 0
-617 0
-618 0
632 0
-631 0
-633 0
-634 0
-635 0
-636 0
-637 0
-638 0
-639 0
665 0
-661 0
-662 0
-663 0
-664 0
-666 0
-667 0
-668 0
-669 0
686 0
-681 0
-682 0
-683 0
-684 0
-685 0
-687 0
-688 0
-689 0
739 0
-731 0
-732 0
-733 0
-734 0
-735 0
-736 0
-737 0
-738 0
762 0
-761 0
-763 0
-764 0
-765 0
-766 0
-767 0
-768 0
-769 0
774 0
-771 0
-772 0
-773 0
-775 0
-776 0
-777 0
-778 0
-779 0
793 0
-791 0
-792 0
-794 0
-795 0
-796 0
-797 0
-798 0
-799 0
836 0
-831 0
-832 0
-833 0
-834 0
-835 0
-837 0
-838 0
-839 0
847 0
-841 0
-842 0
-843 0
-844 0
-845 0
-846 0
-848 0
-849 0
922 0
-921 0
-923 0
-924 0
-925 0
-926 0
-927 0
-928 0
-929 0
951 0
-952 0
-953 0
-954 0
-955 0
-956 0
-957 0
-958 0
-959 0
129 0
-121 0
-122 0
-123 0
-124 0
-125 0
-126 0
-127 0
-128 0
135 0
-131 0
-132 0
-133 0
-134 0
-136 0
-137 0
-138 0
-139 0
211 0
-212 0
-213 0
-214 0
-215 0
-216 0
-217 0
-218 0
-219 0
254 0
-251 0
-252 0
-253 0
-255 0
-256 0
-257 0
-258 0
-259 0
283 0
-281 0
-282 0
-284 0
-285 0
-286 0
-287 0
-288 0
-289 0
295 0
-291 0
-292 0
-293 0
-294 0
-296 0
-297 0
-298 0
-299 0
326 0
-321 0
-322 0
-323 0
-324 0
-325 0
-327 0
-328 0
-329 0
358 0
-351 0
-352 0
-353 0
-354 0
-355 0
-356 0
-357 0
-359 0
377 0
-371 0
-372 0
-373 0
-374 0
-375 0
-376 0
-378 0
-379 0
448 0
-441 0
-442 0
-443 0
-444 0
-445 0
-446 0
-447 0
-449 0
463 0
-461 0
-462 0
-464 0
-465 0
-466 0
-467 0
-468 0
-469 0
516 0
-511 0
-512 0
-513 0
-514 0
-515 0
-517 0
-518 0
-519 0
581 0
-582 0
-583 0
-584 0
-585 0
-586 0
-587 0
-588 0
-589 0
619 0
-611 0
-612 0
-613 0
-614 0
-615 0
-616 0
-617 0
-618 0
632 0
-631 0
-633 0
-634 0
-635 0
-636 0
-637 0
-638 0
-639 0
665 0
-661 0
-662 0
-663 0
-664 0
-666 0
-667 0
-668 0
-669 0
686 0
-681 0
-682 0
-683 0
-684 0
-685 0
-687 0
-688 0
-689 0
739 0
-731 0
-732 0
-733 0
-734 0
-735 0
-736 0
-737 0
-738 0
762 0
-761 0
-763 0
-764 0
-765 0
-766 0
-767 0
-768 0
-769 0
774 0
-771 0
-772 0
-773 0
-775 0
-776 0
-777 0
-778 0
-779 0
793 0
-791 0
-792 0
-794 0
-795 0
-796 0
-797 0
-798 0
-799 0
836 0
-831 0
-832 0
-833 0
-834 0
-835 0
-837 0
-838 0
-839 0
847 0
-841 0
-842 0
-843 0
-844 0
-845 0
-846 0
-848 0
-849 0
922 0
-921 0
-923 0
-924 0
-925 0
-926 0
-927 0
-928 0
-929 0
951 0
-952 0
-953 0
-954 0
-955 0
-956 0
-957 0
-958 0
-959 0
