119 0
-111 0
-112 0
-113 0
-114 0
-115 0
-116 0
-117 0
-118 0
138 0
-131 0
-132 0
-133 0
-134 0
-135 0
-136 0
-137 0
-139 0
147 0
-141 0
-142 0
-143 0
-144 0
-145 0
-146 0
-148 0
-149 0
173 0
-171 0
-172 0
-174 0
-175 0
-176 0
-177 0
-178 0
-179 0
192 0
-191 0
-193 0
-194 0
-195 0
-196 0
-197 0
-198 0
-199 0
237 0
-231 0
-232 0
-233 0
-234 0
-235 0
-236 0
-238 0
-239 0
242 0
-241 0
-243 0
-244 0
-245 0
-246 0
-247 0
-248 0
-249 0
276 0
-271 0
-272 0
-273 0
-274 0
-275 0
-277 0
-278 0
-279 0
312 0
-311 0
-313 0
-314 0
-315 0
-316 0
-317 0
-318 0
-319 0
399 0
-391 0
-392 0
-393 0
-394 0
-395 0
-396 0
-397 0
-398 0
443 0
-441 0
-442 0
-444 0
-445 0
-446 0
-447 0
-448 0
-449 0
451 0
-452 0
-453 0
-454 0
-455 0
-456 0
-457 0
-458 0
-459 0
465 0
-461 0
-462 0
-463 0
-464 0
-466 0
-467 0
-468 0
-469 0
532 0
-531 0
-533 0
-534 0
-535 0
-536 0
-537 0
-538 0
-539 0
546 0
-541 0
-542 0
-543 0
-544 0
-545 0
-547 0
-548 0
-549 0
564 0
-561 0
-562 0
-563 0
-565 0
-566 0
-567 0
-568 0
-569 0
571 0
-572 0
-573 0
-574 0
-575 0
-576 0
-577 0
-578 0
-579 0
648 0
-641 0
-642 0
-643 0
-644 0
-645 0
-646 0
-647 0
-649 0
657 0
-651 0
-652 0
-653 0
-654 0
-655 0
-656 0
-658 0
-659 0
662 0
-661 0
-663 0
-664 0
-665 0
-666 0
-667 0
-668 0
-669 0
717 0
-711 0
-712 0
-713 0
-714 0
-715 0
-716 0
-718 0
-719 0
793 0
-791 0
-792 0
-794 0
-795 0
-796 0
-797 0
-798 0
-799 0
839 0
-831 0
-832 0
-833 0
-834 0
-835 0
-836 0
-837 0
-838 0
841 0
-842 0
-843 0
-844 0
-845 0
-846 0
-847 0
-848 0
-849 0
874 0
-871 0
-872 0
-873 0
-875 0
-876 0
-877 0
-878 0
-879 0
916 0
-911 0
-912 0
-913 0
-914 0
-915 0
-917 0
-918 0
-919 0
935 0
-931 0
-932 0
-933 0
-934 0
-936 0
-937 0
-938 0
-939 0
949 0
-941 0
-942 0
-943 0
-944 0
-945 0
-946 0
-947 0
-948 0
972 0
-971 0
-973 0
-974 0
-975 0
-976 0
-977 0
-978 0
-979 0
998 0
-991 0
-992 0
-993 0
-994 0
-995 0
-996 0
-997 0
-999 0
119 0
-111 0
-112 0
-113 0
-114 0
-115 0
-116 0
-117 0
-118 0
138 0
-131 0
-132 0
-133 0
-134 0
-135 0
-136 0
-137 0
-139 0
147 0
-141 0
-142 0
-143 0
-144 0
-145 0
-146 0
-148 0
-149 0
173 0
-171 0
-172 0
-174 0
-175 0
-176 0
-177 0
-178 0
-179 0
192 0
-191 0
-193 0
-194 0
-195 0
-196 0
-197 0
-198 0
-199 0
237 0
-231 0
-232 0
-233 0
-234 0
-235 0
-236 0
-238 0
-239 0
242 0
-241 0
-243 0
-244 0
-245 0
-246 0
-247 0
-248 0
-249 0
276 0
-271 0
-272 0
-273 0
-274 0
-275 0
-277 0
-278 0
-279 0
312 0
-311 0
-313 0
-314 0
-315 0
-316 0
-317 0
-318 0
-319 0
399 0
-391 0
-392 0
-393 0
-394 0
-395 0
-396 0
-397 0
-398 0
443 0
-441 0
-442 0
-444 0
-445 0
-446 0
-447 0
-448 0
-449 0
451 0
-452 0
-453 0
-454 0
-455 0
-456 0
-457 0
-458 0
-459 0
465 0
-461 0
-462 0
-463 0
-464 0
-466 0
-467 0
-468 0
-469 0
532 0
-531 0
-533 0
-534 0
-535 0
-536 0
-537 0
-538 0
-539 0
546 0
-541 0
-542 0
-543 0
-544 0
-545 0
-547 0
-548 0
-549 0
564 0
-561 0
-562 0
-563 0
-565 0
-566 0
-567 0
-568 0
-569 0
571 0
-572 0
-573 0
-574 0
-575 0
-576 0
-577 0
-578 0
-579 0
648 0
-641 0
-642 0
-643 0
-644 0
-645 0
-646 0
-647 0
-649 0
657 0
-651 0
-652 0
-653 0
-654 0
-655 0
-656 0
-658 0
-659 0
662 0
-661 0
-663 0
-664 0
-665 0
-666 0
-667 0
-668 0
-669 0
717 0
-711 0
-712 0
-713 0
-714 0
-715 0
-716 0
-718 0
-719 0
793 0
-791 0
-792 0
-794 0
-795 0
-796 0
-797 0
-798 0
-799 0
839 0
-831 0
-832 0
-833 0
-834 0
-835 0
-836 0
-837 0
-838 0
841 0
-842 0
-843 0
-844 0
-845 0
-846 0
-847 0
-848 0
-849 0
874 0
-871 0
-872 0
-873 0
-875 0
-876 0
-877 0
-878 0
-879 0
916 0
-911 0
-912 0
-913 0
-914 0
-915 0
-917 0
-918 0
-919 0
935 0
-931 0
-932 0
-933 0
-934 0
-936 0
-937 0
-938 0
-939 0
949 0
-941 0
-942 0
-943 0
-944 0
-945 0
-946 0
-947 0
-948 0
972 0
-971 0
-973 0
-974 0
-975 0
-976 0
-977 0
-978 0
-979 0
998 0
-991 0
-992 0
-993 0
-994 0
-995 0
-996 0
-997 0
-999 0
