129 0
-121 0
-122 0
-123 0
-124 0
-125 0
-126 0
-127 0
-128 0
152 0
-151 0
-153 0
-154 0
-155 0
-156 0
-157 0
-158 0
-159 0
161 0
-162 0
-163 0
-164 0
-165 0
-166 0
-167 0
-168 0
-169 0
176 0
-171 0
-172 0
-173 0
-174 0
-175 0
-177 0
-178 0
-179 0
226 0
-221 0
-222 0
-223 0
-224 0
-225 0
-227 0
-228 0
-229 0
232 0
-231 0
-233 0
-234 0
-235 0
-236 0
-237 0
-238 0
-239 0
249 0
-241 0
-242 0
-243 0
-244 0
-245 0
-246 0
-247 0
-248 0
344 0
-341 0
-342 0
-343 0
-345 0
-346 0
-347 0
-348 0
-349 0
391 0
-392 0
-393 0
-394 0
-395 0
-396 0
-397 0
-398 0
-399 0
421 0
-422 0
-423 0
-424 0
-425 0
-426 0
-427 0
-428 0
-429 0
475 0
-471 0
-472 0
-473 0
-474 0
-476 0
-477 0
-478 0
-479 0
499 0
-491 0
-492 0
-493 0
-494 0
-495 0
-496 0
-497 0
-498 0
525 0
-521 0
-522 0
-523 0
-524 0
-526 0
-527 0
-528 0
-529 0
539 0
-531 0
-532 0
-533 0
-534 0
-535 0
-536 0
-537 0
-538 0
557 0
-551 0
-552 0
-553 0
-554 0
-555 0
-556 0
-558 0
-559 0
572 0
-571 0
-573 0
-574 0
-575 0
-576 0
-577 0
-578 0
-579 0
586 0
-581 0
-582 0
-583 0
-584 0
-585 0
-587 0
-588 0
-589 0
612 0
-611 0
-613 0
-614 0
-615 0
-616 0
-617 0
-618 0
-619 0
636 0
-631 0
-632 0
-633 0
-634 0
-635 0
-637 0
-638 0
-639 0
681 0
-682 0
-683 0
-684 0
-685 0
-686 0
-687 0
-688 0
-689 0
718 0
-711 0
-712 0
-713 0
-714 0
-715 0
-716 0
-717 0
-719 0
769 0
-761 0
-762 0
-763 0
-764 0
-765 0
-766 0
-767 0
-768 0
785 0
-781 0
-782 0
-783 0
-784 0
-786 0
-787 0
-788 0
-789 0
864 0
-861 0
-862 0
-863 0
-865 0
-866 0
-867 0
-868 0
-869 0
887 0
-881 0
-882 0
-883 0
-884 0
-885 0
-886 0
-888 0
-889 0
896 0
-891 0
-892 0
-893 0
-894 0
-895 0
-897 0
-898 0
-899 0
933 0
-931 0
-932 0
-934 0
-935 0
-936 0
-937 0
-938 0
-939 0
947 0
-941 0
-942 0
-943 0
-944 0
-945 0
-946 0
-948 0
-949 0
955 0
-951 0
-952 0
-953 0
-954 0
-956 0
-957 0
-958 0
-959 0
