158 0
-151 0
-152 0
-153 0
-154 0
-155 0
-156 0
-157 0
-159 0
227 0
-221 0
-222 0
-223 0
-224 0
-225 0
-226 0
-228 0
-229 0
259 0
-251 0
-252 0
-253 0
-254 0
-255 0
-256 0
-257 0
-258 0
281 0
-282 0
-283 0
-284 0
-285 0
-286 0
-287 0
-288 0
-289 0
332 0
-331 0
-333 0
-334 0
-335 0
-336 0
-337 0
-338 0
-339 0
347 0
-341 0
-342 0
-343 0
-344 0
-345 0
-346 0
-348 0
-349 0
366 0
-361 0
-362 0
-363 0
-364 0
-365 0
-367 0
-368 0
-369 0
385 0
-381 0
-382 0
-383 0
-384 0
-386 0
-387 0
-388 0
-389 0
437 0
-431 0
-432 0
-433 0
-434 0
-435 0
-436 0
-438 0
-439 0
461 0
-462 0
-463 0
-464 0
-465 0
-466 0
-467 0
-468 0
-469 0
475 0
-471 0
-472 0
-473 0
-474 0
-476 0
-477 0
-478 0
-479 0
515 0
-511 0
-512 0
-513 0
-514 0
-516 0
-517 0
-518 0
-519 0
521 0
-522 0
-523 0
-524 0
-525 0
-526 0
-527 0
-528 0
-529 0
542 0
-541 0
-543 0
-544 0
-545 0
-546 0
-547 0
-548 0
-549 0
568 0
-561 0
-562 0
-563 0
-564 0
-565 0
-566 0
-567 0
-569 0
586 0
-581 0
-582 0
-583 0
-584 0
-585 0
-587 0
-588 0
-589 0
593 0
-591 0
-592 0
-594 0
-595 0
-596 0
-597 0
-598 0
-599 0
636 0
-631 0
-632 0
-633 0
-634 0
-635 0
-637 0
-638 0
-639 0
645 0
-641 0
-642 0
-643 0
-644 0
-646 0
-647 0
-648 0
-649 0
677 0
-671 0
-672 0
-673 0
-674 0
-675 0
-676 0
-678 0
-679 0
729 0
-721 0
-722 0
-723 0
-724 0
-725 0
-726 0
-727 0
-728 0
743 0
-741 0
-742 0
-744 0
-745 0
-746 0
-747 0
-748 0
-749 0
767 0
-761 0
-762 0
-763 0
-764 0
-765 0
-766 0
-768 0
-769 0
778 0
-771 0
-772 0
-773 0
-774 0
-775 0
-776 0
-777 0
-779 0
826 0
-821 0
-822 0
-823 0
-824 0
-825 0
-827 0
-828 0
-829 0
852 0
-851 0
-853 0
-854 0
-855 0
-856 0
-857 0
-858 0
-859 0
887 0
-881 0
-882 0
-883 0
-884 0
-885 0
-886 0
-888 0
-889 0
955 0
-951 0
-952 0
-953 0
-954 0
-956 0
-957 0
-958 0
-959 0
