117 0
-111 0
-112 0
-113 0
-114 0
-115 0
-116 0
-118 0
-119 0
129 0
-121 0
-122 0
-123 0
-124 0
-125 0
-126 0
-127 0
-128 0
141 0
-142 0
-143 0
-144 0
-145 0
-146 0
-147 0
-148 0
-149 0
158 0
-151 0
-152 0
-153 0
-154 0
-155 0
-156 0
-157 0
-159 0
172 0
-171 0
-173 0
-174 0
-175 0
-176 0
-177 0
-178 0
-179 0
216 0
-211 0
-212 0
-213 0
-214 0
-215 0
-217 0
-218 0
-219 0
234 0
-231 0
-232 0
-233 0
-235 0
-236 0
-237 0
-238 0
-239 0
288 0
-281 0
-282 0
-283 0
-284 0
-285 0
-286 0
-287 0
-289 0
356 0
-351 0
-352 0
-353 0
-354 0
-355 0
-357 0
-358 0
-359 0
442 0
-441 0
-443 0
-444 0
-445 0
-446 0
-447 0
-448 0
-449 0
498 0
-491 0
-492 0
-493 0
-494 0
-495 0
-496 0
-497 0
-499 0
512 0
-511 0
-513 0
-514 0
-515 0
-516 0
-517 0
-518 0
-519 0
536 0
-531 0
-532 0
-533 0
-534 0
-535 0
-537 0
-538 0
-539 0
549 0
-541 0
-542 0
-543 0
-544 0
-545 0
-546 0
-547 0
-548 0
564 0
-561 0
-562 0
-563 0
-565 0
-566 0
-567 0
-568 0
-569 0
575 0
-571 0
-572 0
-573 0
-574 0
-576 0
-577 0
-578 0
-579 0
591 0
-592 0
-593 0
-594 0
-595 0
-596 0
-597 0
-598 0
-599 0
619 0
-611 0
-612 0
-613 0
-614 0
-615 0
-616 0
-617 0
-618 0
666 0
-661 0
-662 0
-663 0
-664 0
-665 0
-667 0
-668 0
-669 0
754 0
-751 0
-752 0
-753 0
-755 0
-756 0
-757 0
-758 0
-759 0
785 0
-781 0
-782 0
-783 0
-784 0
-786 0
-787 0
-788 0
-789 0
825 0
-821 0
-822 0
-823 0
-824 0
-826 0
-827 0
-828 0
-829 0
897 0
-891 0
-892 0
-893 0
-894 0
-895 0
-896 0
-898 0
-899 0
937 0
-931 0
-932 0
-933 0
-934 0
-935 0
-936 0
-938 0
-939 0
952 0
-951 0
-953 0
-954 0
-955 0
-956 0
-957 0
-958 0
-959 0
969 0
-961 0
-962 0
-963 0
-964 0
-965 0
-966 0
-967 0
-968 0
984 0
-981 0
-982 0
-983 0
-985 0
-986 0
-987 0
-988 0
-989 0
993 0
-991 0
-992 0
-994 0
-995 0
-996 0
-997 0
-998 0
-999 0
