117 0
-111 0
-112 0
-113 0
-114 0
-115 0
-116 0
-118 0
-119 0
159 0
-151 0
-152 0
-153 0
-154 0
-155 0
-156 0
-157 0
-158 0
186 0
-181 0
-182 0
-183 0
-184 0
-185 0
-187 0
-188 0
-189 0
193 0
-191 0
-192 0
-194 0
-195 0
-196 0
-197 0
-198 0
-199 0
246 0
-241 0
-242 0
-243 0
-244 0
-245 0
-247 0
-248 0
-249 0
267 0
-261 0
-262 0
-263 0
-264 0
-265 0
-266 0
-268 0
-269 0
289 0
-281 0
-282 0
-283 0
-284 0
-285 0
-286 0
-287 0
-288 0
318 0
-311 0
-312 0
-313 0
-314 0
-315 0
-316 0
-317 0
-319 0
329 0
-321 0
-322 0
-323 0
-324 0
-325 0
-326 0
-327 0
-328 0
342 0
-341 0
-343 0
-344 0
-345 0
-346 0
-347 0
-348 0
-349 0
426 0
-421 0
-422 0
-423 0
-424 0
-425 0
-427 0
-428 0
-429 0
473 0
-471 0
-472 0
-474 0
-475 0
-476 0
-477 0
-478 0
-479 0
482 0
-481 0
-483 0
-484 0
-485 0
-486 0
-487 0
-488 0
-489 0
513 0
-511 0
-512 0
-514 0
-515 0
-516 0
-517 0
-518 0
-519 0
599 0
-591 0
-592 0
-593 0
-594 0
-595 0
-596 0
-597 0
-598 0
624 0
-621 0
-622 0
-623 0
-625 0
-626 0
-627 0
-628 0
-629 0
635 0
-631 0
-632 0
-633 0
-634 0
-636 0
-637 0
-638 0
-639 0
681 0
-682 0
-683 0
-684 0
-685 0
-686 0
-687 0
-688 0
-689 0
765 0
-761 0
-762 0
-763 0
-764 0
-766 0
-767 0
-768 0
-769 0
787 0
-781 0
-782 0
-783 0
-784 0
-785 0
-786 0
-788 0
-789 0
792 0
-791 0
-793 0
-794 0
-795 0
-796 0
-797 0
-798 0
-799 0
822 0
-821 0
-823 0
-824 0
-825 0
-826 0
-827 0
-828 0
-829 0
849 0
-841 0
-842 0
-843 0
-844 0
-845 0
-846 0
-847 0
-848 0
868 0
-861 0
-862 0
-863 0
-864 0
-865 0
-866 0
-867 0
-869 0
915 0
-911 0
-912 0
-913 0
-914 0
-916 0
-917 0
-918 0
-919 0
923 0
-921 0
-922 0
-924 0
-925 0
-926 0
-927 0
-928 0
-929 0
952 0
-951 0
-953 0
-954 0
-955 0
-956 0
-957 0
-958 0
-959 0
996 0
-991 0
-992 0
-993 0
-994 0
-995 0
-997 0
-998 0
-999 0
