132 0
-131 0
-133 0
-134 0
-135 0
-136 0
-137 0
-138 0
-139 0
151 0
-152 0
-153 0
-154 0
-155 0
-156 0
-157 0
-158 0
-159 0
194 0
-191 0
-192 0
-193 0
-195 0
-196 0
-197 0
-198 0
-199 0
217 0
-211 0
-212 0
-213 0
-214 0
-215 0
-216 0
-218 0
-219 0
229 0
-221 0
-222 0
-223 0
-224 0
-225 0
-226 0
-227 0
-228 0
323 0
-321 0
-322 0
-324 0
-325 0
-326 0
-327 0
-328 0
-329 0
344 0
-341 0
-342 0
-343 0
-345 0
-346 0
-347 0
-348 0
-349 0
352 0
-351 0
-353 0
-354 0
-355 0
-356 0
-357 0
-358 0
-359 0
387 0
-381 0
-382 0
-383 0
-384 0
-385 0
-386 0
-388 0
-389 0
425 0
-421 0
-422 0
-423 0
-424 0
-426 0
-427 0
-428 0
-429 0
433 0
-431 0
-432 0
-434 0
-435 0
-436 0
-437 0
-438 0
-439 0
457 0
-451 0
-452 0
-453 0
-454 0
-455 0
-456 0
-458 0
-459 0
472 0
-471 0
-473 0
-474 0
-475 0
-476 0
-477 0
-478 0
-479 0
543 0
-541 0
-542 0
-544 0
-545 0
-546 0
-547 0
-548 0
-549 0
564 0
-561 0
-562 0
-563 0
-565 0
-566 0
-567 0
-568 0
-569 0
638 0
-631 0
-632 0
-633 0
-634 0
-635 0
-636 0
-637 0
-639 0
659 0
-651 0
-652 0
-653 0
-654 0
-655 0
-656 0
-657 0
-658 0
677 0
-671 0
-672 0
-673 0
-674 0
-675 0
-676 0
-678 0
-679 0
683 0
-681 0
-682 0
-684 0
-685 0
-686 0
-687 0
-688 0
-689 0
756 0
-751 0
-752 0
-753 0
-754 0
-755 0
-757 0
-758 0
-759 0
762 0
-761 0
-763 0
-764 0
-765 0
-766 0
-767 0
-768 0
-769 0
788 0
-781 0
-782 0
-783 0
-784 0
-785 0
-786 0
-787 0
-789 0
835 0
-831 0
-832 0
-833 0
-834 0
-836 0
-837 0
-838 0
-839 0
886 0
-881 0
-882 0
-883 0
-884 0
-885 0
-887 0
-888 0
-889 0
899 0
-891 0
-892 0
-893 0
-894 0
-895 0
-896 0
-897 0
-898 0
916 0
-911 0
-912 0
-913 0
-914 0
-915 0
-917 0
-918 0
-919 0
953 0
-951 0
-952 0
-954 0
-955 0
-956 0
-957 0
-958 0
-959 0
975 0
-971 0
-972 0
-973 0
-974 0
-976 0
-977 0
-978 0
-979 0
