124 0
-121 0
-122 0
-123 0
-125 0
-126 0
-127 0
-128 0
-129 0
137 0
-131 0
-132 0
-133 0
-134 0
-135 0
-136 0
-138 0
-139 0
173 0
-171 0
-172 0
-174 0
-175 0
-176 0
-177 0
-178 0
-179 0
185 0
-181 0
-182 0
-183 0
-184 0
-186 0
-187 0
-188 0
-189 0
219 0
-211 0
-212 0
-213 0
-214 0
-215 0
-216 0
-217 0
-218 0
232 0
-231 0
-233 0
-234 0
-235 0
-236 0
-237 0
-238 0
-239 0
277 0
-271 0
-272 0
-273 0
-274 0
-275 0
-276 0
-278 0
-279 0
291 0
-292 0
-293 0
-294 0
-295 0
-296 0
-297 0
-298 0
-299 0
318 0
-311 0
-312 0
-313 0
-314 0
-315 0
-316 0
-317 0
-319 0
366 0
-361 0
-362 0
-363 0
-364 0
-365 0
-367 0
-368 0
-369 0
392 0
-391 0
-393 0
-394 0
-395 0
-396 0
-397 0
-398 0
-399 0
461 0
-462 0
-463 0
-464 0
-465 0
-466 0
-467 0
-468 0
-469 0
512 0
-511 0
-513 0
-514 0
-515 0
-516 0
-517 0
-518 0
-519 0
557 0
-551 0
-552 0
-553 0
-554 0
-555 0
-556 0
-558 0
-559 0
599 0
-591 0
-592 0
-593 0
-594 0
-595 0
-596 0
-597 0
-598 0
643 0
-641 0
-642 0
-644 0
-645 0
-646 0
-647 0
-648 0
-649 0
717 0
-711 0
-712 0
-713 0
-714 0
-715 0
-716 0
-718 0
-719 0
741 0
-742 0
-743 0
-744 0
-745 0
-746 0
-747 0
-748 0
-749 0
794 0
-791 0
-792 0
-793 0
-795 0
-796 0
-797 0
-798 0
-799 0
816 0
-811 0
-812 0
-813 0
-814 0
-815 0
-817 0
-818 0
-819 0
839 0
-831 0
-832 0
-833 0
-834 0
-835 0
-836 0
-837 0
-838 0
878 0
-871 0
-872 0
-873 0
-874 0
-875 0
-876 0
-877 0
-879 0
893 0
-891 0
-892 0
-894 0
-895 0
-896 0
-897 0
-898 0
-899 0
922 0
-921 0
-923 0
-924 0
-925 0
-926 0
-927 0
-928 0
-929 0
935 0
-931 0
-932 0
-933 0
-934 0
-936 0
-937 0
-938 0
-939 0
979 0
-971 0
-972 0
-973 0
-974 0
-975 0
-976 0
-977 0
-978 0
981 0
-982 0
-983 0
-984 0
-985 0
-986 0
-987 0
-988 0
-989 0
