138 0
-131 0
-132 0
-133 0
-134 0
-135 0
-136 0
-137 0
-139 0
181 0
-182 0
-183 0
-184 0
-185 0
-186 0
-187 0
-188 0
-189 0
232 0
-231 0
-233 0
-234 0
-235 0
-236 0
-237 0
-238 0
-239 0
251 0
-252 0
-253 0
-254 0
-255 0
-256 0
-257 0
-258 0
-259 0
296 0
-291 0
-292 0
-293 0
-294 0
-295 0
-297 0
-298 0
-299 0
313 0
-311 0
-312 0
-314 0
-315 0
-316 0
-317 0
-318 0
-319 0
331 0
-332 0
-333 0
-334 0
-335 0
-336 0
-337 0
-338 0
-339 0
344 0
-341 0
-342 0
-343 0
-345 0
-346 0
-347 0
-348 0
-349 0
368 0
-361 0
-362 0
-363 0
-364 0
-365 0
-366 0
-367 0
-369 0
437 0
-431 0
-432 0
-433 0
-434 0
-435 0
-436 0
-438 0
-439 0
448 0
-441 0
-442 0
-443 0
-444 0
-445 0
-446 0
-447 0
-449 0
495 0
-491 0
-492 0
-493 0
-494 0
-496 0
-497 0
-498 0
-499 0
516 0
-511 0
-512 0
-513 0
-514 0
-515 0
-517 0
-518 0
-519 0
563 0
-561 0
-562 0
-564 0
-565 0
-566 0
-567 0
-568 0
-569 0
589 0
-581 0
-582 0
-583 0
-584 0
-585 0
-586 0
-587 0
-588 0
619 0
-611 0
-612 0
-613 0
-614 0
-615 0
-616 0
-617 0
-618 0
734 0
-731 0
-732 0
-733 0
-735 0
-736 0
-737 0
-738 0
-739 0
747 0
-741 0
-742 0
-743 0
-744 0
-745 0
-746 0
-748 0
-749 0
798 0
-791 0
-792 0
-793 0
-794 0
-795 0
-796 0
-797 0
-799 0
845 0
-841 0
-842 0
-843 0
-844 0
-846 0
-847 0
-848 0
-849 0
852 0
-851 0
-853 0
-854 0
-855 0
-856 0
-857 0
-858 0
-859 0
911 0
-912 0
-913 0
-914 0
-915 0
-916 0
-917 0
-918 0
-919 0
984 0
-981 0
-982 0
-983 0
-985 0
-986 0
-987 0
-988 0
-989 0
997 0
-991 0
-992 0
-993 0
-994 0
-995 0
-996 0
-998 0
-999 0
