111 0
-112 0
-113 0
-114 0
-115 0
-116 0
-117 0
-118 0
-119 0
123 0
-121 0
-122 0
-124 0
-125 0
-126 0
-127 0
-128 0
-129 0
145 0
-141 0
-142 0
-143 0
-144 0
-146 0
-147 0
-148 0
-149 0
178 0
-171 0
-172 0
-173 0
-174 0
-175 0
-176 0
-177 0
-179 0
199 0
-191 0
-192 0
-193 0
-194 0
-195 0
-196 0
-197 0
-198 0
218 0
-211 0
-212 0
-213 0
-214 0
-215 0
-216 0
-217 0
-219 0
281 0
-282 0
-283 0
-284 0
-285 0
-286 0
-287 0
-288 0
-289 0
334 0
-331 0
-332 0
-333 0
-335 0
-336 0
-337 0
-338 0
-339 0
359 0
-351 0
-352 0
-353 0
-354 0
-355 0
-356 0
-357 0
-358 0
385 0
-381 0
-382 0
-383 0
-384 0
-386 0
-387 0
-388 0
-389 0
449 0
-441 0
-442 0
-443 0
-444 0
-445 0
-446 0
-447 0
-448 0
461 0
-462 0
-463 0
-464 0
-465 0
-466 0
-467 0
-468 0
-469 0
515 0
-511 0
-512 0
-513 0
-514 0
-516 0
-517 0
-518 0
-519 0
598 0
-591 0
-592 0
-593 0
-594 0
-595 0
-596 0
-597 0
-599 0
624 0
-621 0
-622 0
-623 0
-625 0
-626 0
-627 0
-628 0
-629 0
647 0
-641 0
-642 0
-643 0
-644 0
-645 0
-646 0
-648 0
-649 0
666 0
-661 0
-662 0
-663 0
-664 0
-665 0
-667 0
-668 0
-669 0
682 0
-681 0
-683 0
-684 0
-685 0
-686 0
-687 0
-688 0
-689 0
721 0
-722 0
-723 0
-724 0
-725 0
-726 0
-727 0
-728 0
-729 0
756 0
-751 0
-752 0
-753 0
-754 0
-755 0
-757 0
-758 0
-759 0
774 0
-771 0
-772 0
-773 0
-775 0
-776 0
-777 0
-778 0
-779 0
826 0
-821 0
-822 0
-823 0
-824 0
-825 0
-827 0
-828 0
-829 0
897 0
-891 0
-892 0
-893 0
-894 0
-895 0
-896 0
-898 0
-899 0
912 0
-911 0
-913 0
-914 0
-915 0
-916 0
-917 0
-918 0
-919 0
935 0
-931 0
-932 0
-933 0
-934 0
-936 0
-937 0
-938 0
-939 0
967 0
-961 0
-962 0
-963 0
-964 0
-965 0
-966 0
-968 0
-969 0
983 0
-981 0
-982 0
-984 0
-985 0
-986 0
-987 0
-988 0
-989 0
996 0
-991 0
-992 0
-993 0
-994 0
-995 0
-997 0
-998 0
-999 0
111 0
-112 0
-113 0
-114 0
-115 0
-116 0
-117 0
-118 0
-119 0
123 0
-121 0
-122 0
-124 0
-125 0
-126 0
-127 0
-128 0
-129 0
145 0
-141 0
-142 0
-143 0
-144 0
-146 0
-147 0
-148 0
-149 0
178 0
-171 0
-172 0
-173 0
-174 0
-175 0
-176 0
-177 0
-179 0
199 0
-191 0
-192 0
-193 0
-194 0
-195 0
-196 0
-197 0
-198 0
218 0
-211 0
-212 0
-213 0
-214 0
-215 0
-216 0
-217 0
-219 0
281 0
-282 0
-283 0
-284 0
-285 0
-286 0
-287 0
-288 0
-289 0
334 0
-331 0
-332 0
-333 0
-335 0
-336 0
-337 0
-338 0
-339 0
359 0
-351 0
-352 0
-353 0
-354 0
-355 0
-356 0
-357 0
-358 0
385 0
-381 0
-382 0
-383 0
-384 0
-386 0
-387 0
-388 0
-389 0
449 0
-441 0
-442 0
-443 0
-444 0
-445 0
-446 0
-447 0
-448 0
461 0
-462 0
-463 0
-464 0
-465 0
-466 0
-467 0
-468 0
-469 0
515 0
-511 0
-512 0
-513 0
-514 0
-516 0
-517 0
-518 0
-519 0
598 0
-591 0
-592 0
-593 0
-594 0
-595 0
-596 0
-597 0
-599 0
624 0
-621 0
-622 0
-623 0
-625 0
-626 0
-627 0
-628 0
-629 0
647 0
-641 0
-642 0
-643 0
-644 0
-645 0
-646 0
-648 0
-649 0
666 0
-661 0
-662 0
-663 0
-664 0
-665 0
-667 0
-668 0
-669 0
682 0
-681 0
-683 0
-684 0
-685 0
-686 0
-687 0
-688 0
-689 0
721 0
-722 0
-723 0
-724 0
-725 0
-726 0
-727 0
-728 0
-729 0
756 0
-751 0
-752 0
-753 0
-754 0
-755 0
-757 0
-758 0
-759 0
774 0
-771 0
-772 0
-773 0
-775 0
-776 0
-777 0
-778 0
-779 0
826 0
-821 0
-822 0
-823 0
-824 0
-825 0
-827 0
-828 0
-829 0
897 0
-891 0
-892 0
-893 0
-894 0
-895 0
-896 0
-898 0
-899 0
912 0
-911 0
-913 0
-914 0
-915 0
-916 0
-917 0
-918 0
-919 0
935 0
-931 0
-932 0
-933 0
-934 0
-936 0
-937 0
-938 0
-939 0
967 0
-961 0
-962 0
-963 0
-964 0
-965 0
-966 0
-968 0
-969 0
983 0
-981 0
-982 0
-984 0
-985 0
-986 0
-987 0
-988 0
-989 0
996 0
-991 0
-992 0
-993 0
-994 0
-995 0
-997 0
-998 0
-999 0
