165 0
-161 0
-162 0
-163 0
-164 0
-166 0
-167 0
-168 0
-169 0
217 0
-211 0
-212 0
-213 0
-214 0
-215 0
-216 0
-218 0
-219 0
239 0
-231 0
-232 0
-233 0
-234 0
-235 0
-236 0
-237 0
-238 0
252 0
-251 0
-253 0
-254 0
-255 0
-256 0
-257 0
-258 0
-259 0
275 0
-271 0
-272 0
-273 0
-274 0
-276 0
-277 0
-278 0
-279 0
293 0
-291 0
-292 0
-294 0
-295 0
-296 0
-297 0
-298 0
-299 0
331 0
-332 0
-333 0
-334 0
-335 0
-336 0
-337 0
-338 0
-339 0
346 0
-341 0
-342 0
-343 0
-344 0
-345 0
-347 0
-348 0
-349 0
374 0
-371 0
-372 0
-373 0
-375 0
-376 0
-377 0
-378 0
-379 0
416 0
-411 0
-412 0
-413 0
-414 0
-415 0
-417 0
-418 0
-419 0
435 0
-431 0
-432 0
-433 0
-434 0
-436 0
-437 0
-438 0
-439 0
477 0
-471 0
-472 0
-473 0
-474 0
-475 0
-476 0
-478 0
-479 0
483 0
-481 0
-482 0
-484 0
-485 0
-486 0
-487 0
-488 0
-489 0
513 0
-511 0
-512 0
-514 0
-515 0
-516 0
-517 0
-518 0
-519 0
594 0
-591 0
-592 0
-593 0
-595 0
-596 0
-597 0
-598 0
-599 0
627 0
-621 0
-622 0
-623 0
-624 0
-625 0
-626 0
-628 0
-629 0
634 0
-631 0
-632 0
-633 0
-635 0
-636 0
-637 0
-638 0
-639 0
678 0
-671 0
-672 0
-673 0
-674 0
-675 0
-676 0
-677 0
-679 0
692 0
-691 0
-693 0
-694 0
-695 0
-696 0
-697 0
-698 0
-699 0
738 0
-731 0
-732 0
-733 0
-734 0
-735 0
-736 0
-737 0
-739 0
745 0
-741 0
-742 0
-743 0
-744 0
-746 0
-747 0
-748 0
-749 0
773 0
-771 0
-772 0
-774 0
-775 0
-776 0
-777 0
-778 0
-779 0
819 0
-811 0
-812 0
-813 0
-814 0
-815 0
-816 0
-817 0
-818 0
837 0
-831 0
-832 0
-833 0
-834 0
-835 0
-836 0
-838 0
-839 0
854 0
-851 0
-852 0
-853 0
-855 0
-856 0
-857 0
-858 0
-859 0
872 0
-871 0
-873 0
-874 0
-875 0
-876 0
-877 0
-878 0
-879 0
898 0
-891 0
-892 0
-893 0
-894 0
-895 0
-896 0
-897 0
-899 0
969 0
-961 0
-962 0
-963 0
-964 0
-965 0
-966 0
-967 0
-968 0
165 0
-161 0
-162 0
-163 0
-164 0
-166 0
-167 0
-168 0
-169 0
217 0
-211 0
-212 0
-213 0
-214 0
-215 0
-216 0
-218 0
-219 0
239 0
-231 0
-232 0
-233 0
-234 0
-235 0
-236 0
-237 0
-238 0
252 0
-251 0
-253 0
-254 0
-255 0
-256 0
-257 0
-258 0
-259 0
275 0
-271 0
-272 0
-273 0
-274 0
-276 0
-277 0
-278 0
-279 0
293 0
-291 0
-292 0
-294 0
-295 0
-296 0
-297 0
-298 0
-299 0
331 0
-332 0
-333 0
-334 0
-335 0
-336 0
-337 0
-338 0
-339 0
346 0
-341 0
-342 0
-343 0
-344 0
-345 0
-347 0
-348 0
-349 0
374 0
-371 0
-372 0
-373 0
-375 0
-376 0
-377 0
-378 0
-379 0
416 0
-411 0
-412 0
-413 0
-414 0
-415 0
-417 0
-418 0
-419 0
435 0
-431 0
-432 0
-433 0
-434 0
-436 0
-437 0
-438 0
-439 0
477 0
-471 0
-472 0
-473 0
-474 0
-475 0
-476 0
-478 0
-479 0
483 0
-481 0
-482 0
-484 0
-485 0
-486 0
-487 0
-488 0
-489 0
513 0
-511 0
-512 0
-514 0
-515 0
-516 0
-517 0
-518 0
-519 0
594 0
-591 0
-592 0
-593 0
-595 0
-596 0
-597 0
-598 0
-599 0
627 0
-621 0
-622 0
-623 0
-624 0
-625 0
-626 0
-628 0
-629 0
634 0
-631 0
-632 0
-633 0
-635 0
-636 0
-637 0
-638 0
-639 0
678 0
-671 0
-672 0
-673 0
-674 0
-675 0
-676 0
-677 0
-679 0
692 0
-691 0
-693 0
-694 0
-695 0
-696 0
-697 0
-698 0
-699 0
738 0
-731 0
-732 0
-733 0
-734 0
-735 0
-736 0
-737 0
-739 0
745 0
-741 0
-742 0
-743 0
-744 0
-746 0
-747 0
-748 0
-749 0
773 0
-771 0
-772 0
-774 0
-775 0
-776 0
-777 0
-778 0
-779 0
819 0
-811 0
-812 0
-813 0
-814 0
-815 0
-816 0
-817 0
-818 0
837 0
-831 0
-832 0
-833 0
-834 0
-835 0
-836 0
-838 0
-839 0
854 0
-851 0
-852 0
-853 0
-855 0
-856 0
-857 0
-858 0
-859 0
872 0
-871 0
-873 0
-874 0
-875 0
-876 0
-877 0
-878 0
-879 0
898 0
-891 0
-892 0
-893 0
-894 0
-895 0
-896 0
-897 0
-899 0
969 0
-961 0
-962 0
-963 0
-964 0
-965 0
-966 0
-967 0
-968 0
