138 0
-131 0
-132 0
-133 0
-134 0
-135 0
-136 0
-137 0
-139 0
145 0
-141 0
-142 0
-143 0
-144 0
-146 0
-147 0
-148 0
-149 0
212 0
-211 0
-213 0
-214 0
-215 0
-216 0
-217 0
-218 0
-219 0
257 0
-251 0
-252 0
-253 0
-254 0
-255 0
-256 0
-258 0
-259 0
274 0
-271 0
-272 0
-273 0
-275 0
-276 0
-277 0
-278 0
-279 0
314 0
-311 0
-312 0
-313 0
-315 0
-316 0
-317 0
-318 0
-319 0
379 0
-371 0
-372 0
-373 0
-374 0
-375 0
-376 0
-377 0
-378 0
397 0
-391 0
-392 0
-393 0
-394 0
-395 0
-396 0
-398 0
-399 0
423 0
-421 0
-422 0
-424 0
-425 0
-426 0
-427 0
-428 0
-429 0
449 0
-441 0
-442 0
-443 0
-444 0
-445 0
-446 0
-447 0
-448 0
486 0
-481 0
-482 0
-483 0
-484 0
-485 0
-487 0
-488 0
-489 0
551 0
-552 0
-553 0
-554 0
-555 0
-556 0
-557 0
-558 0
-559 0
566 0
-561 0
-562 0
-563 0
-564 0
-565 0
-567 0
-568 0
-569 0
587 0
-581 0
-582 0
-583 0
-584 0
-585 0
-586 0
-588 0
-589 0
653 0
-651 0
-652 0
-654 0
-655 0
-656 0
-657 0
-658 0
-659 0
684 0
-681 0
-682 0
-683 0
-685 0
-686 0
-687 0
-688 0
-689 0
691 0
-692 0
-693 0
-694 0
-695 0
-696 0
-697 0
-698 0
-699 0
733 0
-731 0
-732 0
-734 0
-735 0
-736 0
-737 0
-738 0
-739 0
742 0
-741 0
-743 0
-744 0
-745 0
-746 0
-747 0
-748 0
-749 0
847 0
-841 0
-842 0
-843 0
-844 0
-845 0
-846 0
-848 0
-849 0
856 0
-851 0
-852 0
-853 0
-854 0
-855 0
-857 0
-858 0
-859 0
917 0
-911 0
-912 0
-913 0
-914 0
-915 0
-916 0
-918 0
-919 0
925 0
-921 0
-922 0
-923 0
-924 0
-926 0
-927 0
-928 0
-929 0
968 0
-961 0
-962 0
-963 0
-964 0
-965 0
-966 0
-967 0
-969 0
976 0
-971 0
-972 0
-973 0
-974 0
-975 0
-977 0
-978 0
-979 0
138 0
-131 0
-132 0
-133 0
-134 0
-135 0
-136 0
-137 0
-139 0
145 0
-141 0
-142 0
-143 0
-144 0
-146 0
-147 0
-148 0
-149 0
212 0
-211 0
-213 0
-214 0
-215 0
-216 0
-217 0
-218 0
-219 0
257 0
-251 0
-252 0
-253 0
-254 0
-255 0
-256 0
-258 0
-259 0
274 0
-271 0
-272 0
-273 0
-275 0
-276 0
-277 0
-278 0
-279 0
314 0
-311 0
-312 0
-313 0
-315 0
-316 0
-317 0
-318 0
-319 0
379 0
-371 0
-372 0
-373 0
-374 0
-375 0
-376 0
-377 0
-378 0
397 0
-391 0
-392 0
-393 0
-394 0
-395 0
-396 0
-398 0
-399 0
423 0
-421 0
-422 0
-424 0
-425 0
-426 0
-427 0
-428 0
-429 0
449 0
-441 0
-442 0
-443 0
-444 0
-445 0
-446 0
-447 0
-448 0
486 0
-481 0
-482 0
-483 0
-484 0
-485 0
-487 0
-488 0
-489 0
551 0
-552 0
-553 0
-554 0
-555 0
-556 0
-557 0
-558 0
-559 0
566 0
-561 0
-562 0
-563 0
-564 0
-565 0
-567 0
-568 0
-569 0
587 0
-581 0
-582 0
-583 0
-584 0
-585 0
-586 0
-588 0
-589 0
653 0
-651 0
-652 0
-654 0
-655 0
-656 0
-657 0
-658 0
-659 0
684 0
-681 0
-682 0
-683 0
-685 0
-686 0
-687 0
-688 0
-689 0
691 0
-692 0
-693 0
-694 0
-695 0
-696 0
-697 0
-698 0
-699 0
733 0
-731 0
-732 0
-734 0
-735 0
-736 0
-737 0
-738 0
-739 0
742 0
-741 0
-743 0
-744 0
-745 0
-746 0
-747 0
-748 0
-749 0
847 0
-841 0
-842 0
-843 0
-844 0
-845 0
-846 0
-848 0
-849 0
856 0
-851 0
-852 0
-853 0
-854 0
-855 0
-857 0
-858 0
-859 0
917 0
-911 0
-912 0
-913 0
-914 0
-915 0
-916 0
-918 0
-919 0
925 0
-921 0
-922 0
-923 0
-924 0
-926 0
-927 0
-928 0
-929 0
968 0
-961 0
-962 0
-963 0
-964 0
-965 0
-966 0
-967 0
-969 0
976 0
-971 0
-972 0
-973 0
-974 0
-975 0
-977 0
-978 0
-979 0
