119 0
-111 0
-112 0
-113 0
-114 0
-115 0
-116 0
-117 0
-118 0
137 0
-131 0
-132 0
-133 0
-134 0
-135 0
-136 0
-138 0
-139 0
178 0
-171 0
-172 0
-173 0
-174 0
-175 0
-176 0
-177 0
-179 0
195 0
-191 0
-192 0
-193 0
-194 0
-196 0
-197 0
-198 0
-199 0
267 0
-261 0
-262 0
-263 0
-264 0
-265 0
-266 0
-268 0
-269 0
311 0
-312 0
-313 0
-314 0
-315 0
-316 0
-317 0
-318 0
-319 0
348 0
-341 0
-342 0
-343 0
-344 0
-345 0
-346 0
-347 0
-349 0
397 0
-391 0
-392 0
-393 0
-394 0
-395 0
-396 0
-398 0
-399 0
433 0
-431 0
-432 0
-434 0
-435 0
-436 0
-437 0
-438 0
-439 0
445 0
-441 0
-442 0
-443 0
-444 0
-446 0
-447 0
-448 0
-449 0
471 0
-472 0
-473 0
-474 0
-475 0
-476 0
-477 0
-478 0
-479 0
515 0
-511 0
-512 0
-513 0
-514 0
-516 0
-517 0
-518 0
-519 0
524 0
-521 0
-522 0
-523 0
-525 0
-526 0
-527 0
-528 0
-529 0
559 0
-551 0
-552 0
-553 0
-554 0
-555 0
-556 0
-557 0
-558 0
582 0
-581 0
-583 0
-584 0
-585 0
-586 0
-587 0
-588 0
-589 0
596 0
-591 0
-592 0
-593 0
-594 0
-595 0
-597 0
-598 0
-599 0
618 0
-611 0
-612 0
-613 0
-614 0
-615 0
-616 0
-617 0
-619 0
666 0
-661 0
-662 0
-663 0
-664 0
-665 0
-667 0
-668 0
-669 0
699 0
-691 0
-692 0
-693 0
-694 0
-695 0
-696 0
-697 0
-698 0
713 0
-711 0
-712 0
-714 0
-715 0
-716 0
-717 0
-718 0
-719 0
765 0
-761 0
-762 0
-763 0
-764 0
-766 0
-767 0
-768 0
-769 0
794 0
-791 0
-792 0
-793 0
-795 0
-796 0
-797 0
-798 0
-799 0
841 0
-842 0
-843 0
-844 0
-845 0
-846 0
-847 0
-848 0
-849 0
914 0
-911 0
-912 0
-913 0
-915 0
-916 0
-917 0
-918 0
-919 0
936 0
-931 0
-932 0
-933 0
-934 0
-935 0
-937 0
-938 0
-939 0
977 0
-971 0
-972 0
-973 0
-974 0
-975 0
-976 0
-978 0
-979 0
993 0
-991 0
-992 0
-994 0
-995 0
-996 0
-997 0
-998 0
-999 0
119 0
-111 0
-112 0
-113 0
-114 0
-115 0
-116 0
-117 0
-118 0
137 0
-131 0
-132 0
-133 0
-134 0
-135 0
-136 0
-138 0
-139 0
178 0
-171 0
-172 0
-173 0
-174 0
-175 0
-176 0
-177 0
-179 0
195 0
-191 0
-192 0
-193 0
-194 0
-196 0
-197 0
-198 0
-199 0
267 0
-261 0
-262 0
-263 0
-264 0
-265 0
-266 0
-268 0
-269 0
311 0
-312 0
-313 0
-314 0
-315 0
-316 0
-317 0
-318 0
-319 0
348 0
-341 0
-342 0
-343 0
-344 0
-345 0
-346 0
-347 0
-349 0
397 0
-391 0
-392 0
-393 0
-394 0
-395 0
-396 0
-398 0
-399 0
433 0
-431 0
-432 0
-434 0
-435 0
-436 0
-437 0
-438 0
-439 0
445 0
-441 0
-442 0
-443 0
-444 0
-446 0
-447 0
-448 0
-449 0
471 0
-472 0
-473 0
-474 0
-475 0
-476 0
-477 0
-478 0
-479 0
515 0
-511 0
-512 0
-513 0
-514 0
-516 0
-517 0
-518 0
-519 0
524 0
-521 0
-522 0
-523 0
-525 0
-526 0
-527 0
-528 0
-529 0
559 0
-551 0
-552 0
-553 0
-554 0
-555 0
-556 0
-557 0
-558 0
582 0
-581 0
-583 0
-584 0
-585 0
-586 0
-587 0
-588 0
-589 0
596 0
-591 0
-592 0
-593 0
-594 0
-595 0
-597 0
-598 0
-599 0
618 0
-611 0
-612 0
-613 0
-614 0
-615 0
-616 0
-617 0
-619 0
666 0
-661 0
-662 0
-663 0
-664 0
-665 0
-667 0
-668 0
-669 0
699 0
-691 0
-692 0
-693 0
-694 0
-695 0
-696 0
-697 0
-698 0
713 0
-711 0
-712 0
-714 0
-715 0
-716 0
-717 0
-718 0
-719 0
765 0
-761 0
-762 0
-763 0
-764 0
-766 0
-767 0
-768 0
-769 0
794 0
-791 0
-792 0
-793 0
-795 0
-796 0
-797 0
-798 0
-799 0
841 0
-842 0
-843 0
-844 0
-845 0
-846 0
-847 0
-848 0
-849 0
914 0
-911 0
-912 0
-913 0
-915 0
-916 0
-917 0
-918 0
-919 0
936 0
-931 0
-932 0
-933 0
-934 0
-935 0
-937 0
-938 0
-939 0
977 0
-971 0
-972 0
-973 0
-974 0
-975 0
-976 0
-978 0
-979 0
993 0
-991 0
-992 0
-994 0
-995 0
-996 0
-997 0
-998 0
-999 0
