154 0
-151 0
-152 0
-153 0
-155 0
-156 0
-157 0
-158 0
-159 0
168 0
-161 0
-162 0
-163 0
-164 0
-165 0
-166 0
-167 0
-169 0
224 0
-221 0
-222 0
-223 0
-225 0
-226 0
-227 0
-228 0
-229 0
236 0
-231 0
-232 0
-233 0
-234 0
-235 0
-237 0
-238 0
-239 0
242 0
-241 0
-243 0
-244 0
-245 0
-246 0
-247 0
-248 0
-249 0
278 0
-271 0
-272 0
-273 0
-274 0
-275 0
-276 0
-277 0
-279 0
289 0
-281 0
-282 0
-283 0
-284 0
-285 0
-286 0
-287 0
-288 0
339 0
-331 0
-332 0
-333 0
-334 0
-335 0
-336 0
-337 0
-338 0
345 0
-341 0
-342 0
-343 0
-344 0
-346 0
-347 0
-348 0
-349 0
361 0
-362 0
-363 0
-364 0
-365 0
-366 0
-367 0
-368 0
-369 0
374 0
-371 0
-372 0
-373 0
-375 0
-376 0
-377 0
-378 0
-379 0
418 0
-411 0
-412 0
-413 0
-414 0
-415 0
-416 0
-417 0
-419 0
435 0
-431 0
-432 0
-433 0
-434 0
-436 0
-437 0
-438 0
-439 0
476 0
-471 0
-472 0
-473 0
-474 0
-475 0
-477 0
-478 0
-479 0
497 0
-491 0
-492 0
-493 0
-494 0
-495 0
-496 0
-498 0
-499 0
521 0
-522 0
-523 0
-524 0
-525 0
-526 0
-527 0
-528 0
-529 0
537 0
-531 0
-532 0
-533 0
-534 0
-535 0
-536 0
-538 0
-539 0
579 0
-571 0
-572 0
-573 0
-574 0
-575 0
-576 0
-577 0
-578 0
584 0
-581 0
-582 0
-583 0
-585 0
-586 0
-587 0
-588 0
-589 0
734 0
-731 0
-732 0
-733 0
-735 0
-736 0
-737 0
-738 0
-739 0
748 0
-741 0
-742 0
-743 0
-744 0
-745 0
-746 0
-747 0
-749 0
766 0
-761 0
-762 0
-763 0
-764 0
-765 0
-767 0
-768 0
-769 0
777 0
-771 0
-772 0
-773 0
-774 0
-775 0
-776 0
-778 0
-779 0
825 0
-821 0
-822 0
-823 0
-824 0
-826 0
-827 0
-828 0
-829 0
838 0
-831 0
-832 0
-833 0
-834 0
-835 0
-836 0
-837 0
-839 0
844 0
-841 0
-842 0
-843 0
-845 0
-846 0
-847 0
-848 0
-849 0
873 0
-871 0
-872 0
-874 0
-875 0
-876 0
-877 0
-878 0
-879 0
886 0
-881 0
-882 0
-883 0
-884 0
-885 0
-887 0
-888 0
-889 0
959 0
-951 0
-952 0
-953 0
-954 0
-955 0
-956 0
-957 0
-958 0
962 0
-961 0
-963 0
-964 0
-965 0
-966 0
-967 0
-968 0
-969 0
154 0
-151 0
-152 0
-153 0
-155 0
-156 0
-157 0
-158 0
-159 0
168 0
-161 0
-162 0
-163 0
-164 0
-165 0
-166 0
-167 0
-169 0
224 0
-221 0
-222 0
-223 0
-225 0
-226 0
-227 0
-228 0
-229 0
236 0
-231 0
-232 0
-233 0
-234 0
-235 0
-237 0
-238 0
-239 0
242 0
-241 0
-243 0
-244 0
-245 0
-246 0
-247 0
-248 0
-249 0
278 0
-271 0
-272 0
-273 0
-274 0
-275 0
-276 0
-277 0
-279 0
289 0
-281 0
-282 0
-283 0
-284 0
-285 0
-286 0
-287 0
-288 0
339 0
-331 0
-332 0
-333 0
-334 0
-335 0
-336 0
-337 0
-338 0
345 0
-341 0
-342 0
-343 0
-344 0
-346 0
-347 0
-348 0
-349 0
361 0
-362 0
-363 0
-364 0
-365 0
-366 0
-367 0
-368 0
-369 0
374 0
-371 0
-372 0
-373 0
-375 0
-376 0
-377 0
-378 0
-379 0
418 0
-411 0
-412 0
-413 0
-414 0
-415 0
-416 0
-417 0
-419 0
435 0
-431 0
-432 0
-433 0
-434 0
-436 0
-437 0
-438 0
-439 0
476 0
-471 0
-472 0
-473 0
-474 0
-475 0
-477 0
-478 0
-479 0
497 0
-491 0
-492 0
-493 0
-494 0
-495 0
-496 0
-498 0
-499 0
521 0
-522 0
-523 0
-524 0
-525 0
-526 0
-527 0
-528 0
-529 0
537 0
-531 0
-532 0
-533 0
-534 0
-535 0
-536 0
-538 0
-539 0
579 0
-571 0
-572 0
-573 0
-574 0
-575 0
-576 0
-577 0
-578 0
584 0
-581 0
-582 0
-583 0
-585 0
-586 0
-587 0
-588 0
-589 0
734 0
-731 0
-732 0
-733 0
-735 0
-736 0
-737 0
-738 0
-739 0
748 0
-741 0
-742 0
-743 0
-744 0
-745 0
-746 0
-747 0
-749 0
766 0
-761 0
-762 0
-763 0
-764 0
-765 0
-767 0
-768 0
-769 0
777 0
-771 0
-772 0
-773 0
-774 0
-775 0
-776 0
-778 0
-779 0
825 0
-821 0
-822 0
-823 0
-824 0
-826 0
-827 0
-828 0
-829 0
838 0
-831 0
-832 0
-833 0
-834 0
-835 0
-836 0
-837 0
-839 0
844 0
-841 0
-842 0
-843 0
-845 0
-846 0
-847 0
-848 0
-849 0
873 0
-871 0
-872 0
-874 0
-875 0
-876 0
-877 0
-878 0
-879 0
886 0
-881 0
-882 0
-883 0
-884 0
-885 0
-887 0
-888 0
-889 0
959 0
-951 0
-952 0
-953 0
-954 0
-955 0
-956 0
-957 0
-958 0
962 0
-961 0
-963 0
-964 0
-965 0
-966 0
-967 0
-968 0
-969 0
