121 0
-122 0
-123 0
-124 0
-125 0
-126 0
-127 0
-128 0
-129 0
157 0
-151 0
-152 0
-153 0
-154 0
-155 0
-156 0
-158 0
-159 0
183 0
-181 0
-182 0
-184 0
-185 0
-186 0
-187 0
-188 0
-189 0
217 0
-211 0
-212 0
-213 0
-214 0
-215 0
-216 0
-218 0
-219 0
225 0
-221 0
-222 0
-223 0
-224 0
-226 0
-227 0
-228 0
-229 0
253 0
-251 0
-252 0
-254 0
-255 0
-256 0
-257 0
-258 0
-259 0
281 0
-282 0
-283 0
-284 0
-285 0
-286 0
-287 0
-288 0
-289 0
298 0
-291 0
-292 0
-293 0
-294 0
-295 0
-296 0
-297 0
-299 0
336 0
-331 0
-332 0
-333 0
-334 0
-335 0
-337 0
-338 0
-339 0
362 0
-361 0
-363 0
-364 0
-365 0
-366 0
-367 0
-368 0
-369 0
375 0
-371 0
-372 0
-373 0
-374 0
-376 0
-377 0
-378 0
-379 0
447 0
-441 0
-442 0
-443 0
-444 0
-445 0
-446 0
-448 0
-449 0
513 0
-511 0
-512 0
-514 0
-515 0
-516 0
-517 0
-518 0
-519 0
522 0
-521 0
-523 0
-524 0
-525 0
-526 0
-527 0
-528 0
-529 0
585 0
-581 0
-582 0
-583 0
-584 0
-586 0
-587 0
-588 0
-589 0
591 0
-592 0
-593 0
-594 0
-595 0
-596 0
-597 0
-598 0
-599 0
626 0
-621 0
-622 0
-623 0
-624 0
-625 0
-627 0
-628 0
-629 0
663 0
-661 0
-662 0
-664 0
-665 0
-666 0
-667 0
-668 0
-669 0
684 0
-681 0
-682 0
-683 0
-685 0
-686 0
-687 0
-688 0
-689 0
733 0
-731 0
-732 0
-734 0
-735 0
-736 0
-737 0
-738 0
-739 0
761 0
-762 0
-763 0
-764 0
-765 0
-766 0
-767 0
-768 0
-769 0
778 0
-771 0
-772 0
-773 0
-774 0
-775 0
-776 0
-777 0
-779 0
812 0
-811 0
-813 0
-814 0
-815 0
-816 0
-817 0
-818 0
-819 0
828 0
-821 0
-822 0
-823 0
-824 0
-825 0
-826 0
-827 0
-829 0
859 0
-851 0
-852 0
-853 0
-854 0
-855 0
-856 0
-857 0
-858 0
887 0
-881 0
-882 0
-883 0
-884 0
-885 0
-886 0
-888 0
-889 0
894 0
-891 0
-892 0
-893 0
-895 0
-896 0
-897 0
-898 0
-899 0
924 0
-921 0
-922 0
-923 0
-925 0
-926 0
-927 0
-928 0
-929 0
958 0
-951 0
-952 0
-953 0
-954 0
-955 0
-956 0
-957 0
-959 0
982 0
-981 0
-983 0
-984 0
-985 0
-986 0
-987 0
-988 0
-989 0
