113 0
-111 0
-112 0
-114 0
-115 0
-116 0
-117 0
-118 0
-119 0
157 0
-151 0
-152 0
-153 0
-154 0
-155 0
-156 0
-158 0
-159 0
182 0
-181 0
-183 0
-184 0
-185 0
-186 0
-187 0
-188 0
-189 0
199 0
-191 0
-192 0
-193 0
-194 0
-195 0
-196 0
-197 0
-198 0
217 0
-211 0
-212 0
-213 0
-214 0
-215 0
-216 0
-218 0
-219 0
261 0
-262 0
-263 0
-264 0
-265 0
-266 0
-267 0
-268 0
-269 0
278 0
-271 0
-272 0
-273 0
-274 0
-275 0
-276 0
-277 0
-279 0
296 0
-291 0
-292 0
-293 0
-294 0
-295 0
-297 0
-298 0
-299 0
319 0
-311 0
-312 0
-313 0
-314 0
-315 0
-316 0
-317 0
-318 0
348 0
-341 0
-342 0
-343 0
-344 0
-345 0
-346 0
-347 0
-349 0
374 0
-371 0
-372 0
-373 0
-375 0
-376 0
-377 0
-378 0
-379 0
426 0
-421 0
-422 0
-423 0
-424 0
-425 0
-427 0
-428 0
-429 0
454 0
-451 0
-452 0
-453 0
-455 0
-456 0
-457 0
-458 0
-459 0
477 0
-471 0
-472 0
-473 0
-474 0
-475 0
-476 0
-478 0
-479 0
514 0
-511 0
-512 0
-513 0
-515 0
-516 0
-517 0
-518 0
-519 0
542 0
-541 0
-543 0
-544 0
-545 0
-546 0
-547 0
-548 0
-549 0
563 0
-561 0
-562 0
-564 0
-565 0
-566 0
-567 0
-568 0
-569 0
595 0
-591 0
-592 0
-593 0
-594 0
-596 0
-597 0
-598 0
-599 0
635 0
-631 0
-632 0
-633 0
-634 0
-636 0
-637 0
-638 0
-639 0
656 0
-651 0
-652 0
-653 0
-654 0
-655 0
-657 0
-658 0
-659 0
684 0
-681 0
-682 0
-683 0
-685 0
-686 0
-687 0
-688 0
-689 0
729 0
-721 0
-722 0
-723 0
-724 0
-725 0
-726 0
-727 0
-728 0
737 0
-731 0
-732 0
-733 0
-734 0
-735 0
-736 0
-738 0
-739 0
762 0
-761 0
-763 0
-764 0
-765 0
-766 0
-767 0
-768 0
-769 0
816 0
-811 0
-812 0
-813 0
-814 0
-815 0
-817 0
-818 0
-819 0
844 0
-841 0
-842 0
-843 0
-845 0
-846 0
-847 0
-848 0
-849 0
918 0
-911 0
-912 0
-913 0
-914 0
-915 0
-916 0
-917 0
-919 0
924 0
-921 0
-922 0
-923 0
-925 0
-926 0
-927 0
-928 0
-929 0
953 0
-951 0
-952 0
-954 0
-955 0
-956 0
-957 0
-958 0
-959 0
975 0
-971 0
-972 0
-973 0
-974 0
-976 0
-977 0
-978 0
-979 0
987 0
-981 0
-982 0
-983 0
-984 0
-985 0
-986 0
-988 0
-989 0
991 0
-992 0
-993 0
-994 0
-995 0
-996 0
-997 0
-998 0
-999 0
