129 0
-121 0
-122 0
-123 0
-124 0
-125 0
-126 0
-127 0
-128 0
144 0
-141 0
-142 0
-143 0
-145 0
-146 0
-147 0
-148 0
-149 0
181 0
-182 0
-183 0
-184 0
-185 0
-186 0
-187 0
-188 0
-189 0
218 0
-211 0
-212 0
-213 0
-214 0
-215 0
-216 0
-217 0
-219 0
221 0
-222 0
-223 0
-224 0
-225 0
-226 0
-227 0
-228 0
-229 0
256 0
-251 0
-252 0
-253 0
-254 0
-255 0
-257 0
-258 0
-259 0
282 0
-281 0
-283 0
-284 0
-285 0
-286 0
-287 0
-288 0
-289 0
297 0
-291 0
-292 0
-293 0
-294 0
-295 0
-296 0
-298 0
-299 0
337 0
-331 0
-332 0
-333 0
-334 0
-335 0
-336 0
-338 0
-339 0
365 0
-361 0
-362 0
-363 0
-364 0
-366 0
-367 0
-368 0
-369 0
373 0
-371 0
-372 0
-374 0
-375 0
-376 0
-377 0
-378 0
-379 0
411 0
-412 0
-413 0
-414 0
-415 0
-416 0
-417 0
-418 0
-419 0
526 0
-521 0
-522 0
-523 0
-524 0
-525 0
-527 0
-528 0
-529 0
534 0
-531 0
-532 0
-533 0
-535 0
-536 0
-537 0
-538 0
-539 0
571 0
-572 0
-573 0
-574 0
-575 0
-576 0
-577 0
-578 0
-579 0
583 0
-581 0
-582 0
-584 0
-585 0
-586 0
-587 0
-588 0
-589 0
698 0
-691 0
-692 0
-693 0
-694 0
-695 0
-696 0
-697 0
-699 0
731 0
-732 0
-733 0
-734 0
-735 0
-736 0
-737 0
-738 0
-739 0
769 0
-761 0
-762 0
-763 0
-764 0
-765 0
-766 0
-767 0
-768 0
772 0
-771 0
-773 0
-774 0
-775 0
-776 0
-777 0
-778 0
-779 0
819 0
-811 0
-812 0
-813 0
-814 0
-815 0
-816 0
-817 0
-818 0
822 0
-821 0
-823 0
-824 0
-825 0
-826 0
-827 0
-828 0
-829 0
855 0
-851 0
-852 0
-853 0
-854 0
-856 0
-857 0
-858 0
-859 0
884 0
-881 0
-882 0
-883 0
-885 0
-886 0
-887 0
-888 0
-889 0
891 0
-892 0
-893 0
-894 0
-895 0
-896 0
-897 0
-898 0
-899 0
923 0
-921 0
-922 0
-924 0
-925 0
-926 0
-927 0
-928 0
-929 0
942 0
-941 0
-943 0
-944 0
-945 0
-946 0
-947 0
-948 0
-949 0
985 0
-981 0
-982 0
-983 0
-984 0
-986 0
-987 0
-988 0
-989 0
129 0
-121 0
-122 0
-123 0
-124 0
-125 0
-126 0
-127 0
-128 0
144 0
-141 0
-142 0
-143 0
-145 0
-146 0
-147 0
-148 0
-149 0
181 0
-182 0
-183 0
-184 0
-185 0
-186 0
-187 0
-188 0
-189 0
218 0
-211 0
-212 0
-213 0
-214 0
-215 0
-216 0
-217 0
-219 0
221 0
-222 0
-223 0
-224 0
-225 0
-226 0
-227 0
-228 0
-229 0
256 0
-251 0
-252 0
-253 0
-254 0
-255 0
-257 0
-258 0
-259 0
282 0
-281 0
-283 0
-284 0
-285 0
-286 0
-287 0
-288 0
-289 0
297 0
-291 0
-292 0
-293 0
-294 0
-295 0
-296 0
-298 0
-299 0
337 0
-331 0
-332 0
-333 0
-334 0
-335 0
-336 0
-338 0
-339 0
365 0
-361 0
-362 0
-363 0
-364 0
-366 0
-367 0
-368 0
-369 0
373 0
-371 0
-372 0
-374 0
-375 0
-376 0
-377 0
-378 0
-379 0
411 0
-412 0
-413 0
-414 0
-415 0
-416 0
-417 0
-418 0
-419 0
526 0
-521 0
-522 0
-523 0
-524 0
-525 0
-527 0
-528 0
-529 0
534 0
-531 0
-532 0
-533 0
-535 0
-536 0
-537 0
-538 0
-539 0
571 0
-572 0
-573 0
-574 0
-575 0
-576 0
-577 0
-578 0
-579 0
583 0
-581 0
-582 0
-584 0
-585 0
-586 0
-587 0
-588 0
-589 0
698 0
-691 0
-692 0
-693 0
-694 0
-695 0
-696 0
-697 0
-699 0
731 0
-732 0
-733 0
-734 0
-735 0
-736 0
-737 0
-738 0
-739 0
769 0
-761 0
-762 0
-763 0
-764 0
-765 0
-766 0
-767 0
-768 0
772 0
-771 0
-773 0
-774 0
-775 0
-776 0
-777 0
-778 0
-779 0
819 0
-811 0
-812 0
-813 0
-814 0
-815 0
-816 0
-817 0
-818 0
822 0
-821 0
-823 0
-824 0
-825 0
-826 0
-827 0
-828 0
-829 0
855 0
-851 0
-852 0
-853 0
-854 0
-856 0
-857 0
-858 0
-859 0
884 0
-881 0
-882 0
-883 0
-885 0
-886 0
-887 0
-888 0
-889 0
891 0
-892 0
-893 0
-894 0
-895 0
-896 0
-897 0
-898 0
-899 0
923 0
-921 0
-922 0
-924 0
-925 0
-926 0
-927 0
-928 0
-929 0
942 0
-941 0
-943 0
-944 0
-945 0
-946 0
-947 0
-948 0
-949 0
985 0
-981 0
-982 0
-983 0
-984 0
-986 0
-987 0
-988 0
-989 0
