125 0
-121 0
-122 0
-123 0
-124 0
-126 0
-127 0
-128 0
-129 0
136 0
-131 0
-132 0
-133 0
-134 0
-135 0
-137 0
-138 0
-139 0
148 0
-141 0
-142 0
-143 0
-144 0
-145 0
-146 0
-147 0
-149 0
163 0
-161 0
-162 0
-164 0
-165 0
-166 0
-167 0
-168 0
-169 0
171 0
-172 0
-173 0
-174 0
-175 0
-176 0
-177 0
-178 0
-179 0
232 0
-231 0
-233 0
-234 0
-235 0
-236 0
-237 0
-238 0
-239 0
249 0
-241 0
-242 0
-243 0
-244 0
-245 0
-246 0
-247 0
-248 0
313 0
-311 0
-312 0
-314 0
-315 0
-316 0
-317 0
-318 0
-319 0
366 0
-361 0
-362 0
-363 0
-364 0
-365 0
-367 0
-368 0
-369 0
439 0
-431 0
-432 0
-433 0
-434 0
-435 0
-436 0
-437 0
-438 0
455 0
-451 0
-452 0
-453 0
-454 0
-456 0
-457 0
-458 0
-459 0
476 0
-471 0
-472 0
-473 0
-474 0
-475 0
-477 0
-478 0
-479 0
481 0
-482 0
-483 0
-484 0
-485 0
-486 0
-487 0
-488 0
-489 0
516 0
-511 0
-512 0
-513 0
-514 0
-515 0
-517 0
-518 0
-519 0
559 0
-551 0
-552 0
-553 0
-554 0
-555 0
-556 0
-557 0
-558 0
573 0
-571 0
-572 0
-574 0
-575 0
-576 0
-577 0
-578 0
-579 0
597 0
-591 0
-592 0
-593 0
-594 0
-595 0
-596 0
-598 0
-599 0
631 0
-632 0
-633 0
-634 0
-635 0
-636 0
-637 0
-638 0
-639 0
715 0
-711 0
-712 0
-713 0
-714 0
-716 0
-717 0
-718 0
-719 0
837 0
-831 0
-832 0
-833 0
-834 0
-835 0
-836 0
-838 0
-839 0
841 0
-842 0
-843 0
-844 0
-845 0
-846 0
-847 0
-848 0
-849 0
885 0
-881 0
-882 0
-883 0
-884 0
-886 0
-887 0
-888 0
-889 0
929 0
-921 0
-922 0
-923 0
-924 0
-925 0
-926 0
-927 0
-928 0
933 0
-931 0
-932 0
-934 0
-935 0
-936 0
-937 0
-938 0
-939 0
942 0
-941 0
-943 0
-944 0
-945 0
-946 0
-947 0
-948 0
-949 0
957 0
-951 0
-952 0
-953 0
-954 0
-955 0
-956 0
-958 0
-959 0
