114 0
-111 0
-112 0
-113 0
-115 0
-116 0
-117 0
-118 0
-119 0
155 0
-151 0
-152 0
-153 0
-154 0
-156 0
-157 0
-158 0
-159 0
197 0
-191 0
-192 0
-193 0
-194 0
-195 0
-196 0
-198 0
-199 0
231 0
-232 0
-233 0
-234 0
-235 0
-236 0
-237 0
-238 0
-239 0
266 0
-261 0
-262 0
-263 0
-264 0
-265 0
-267 0
-268 0
-269 0
273 0
-271 0
-272 0
-274 0
-275 0
-276 0
-277 0
-278 0
-279 0
317 0
-311 0
-312 0
-313 0
-314 0
-315 0
-316 0
-318 0
-319 0
326 0
-321 0
-322 0
-323 0
-324 0
-325 0
-327 0
-328 0
-329 0
363 0
-361 0
-362 0
-364 0
-365 0
-366 0
-367 0
-368 0
-369 0
388 0
-381 0
-382 0
-383 0
-384 0
-385 0
-386 0
-387 0
-389 0
391 0
-392 0
-393 0
-394 0
-395 0
-396 0
-397 0
-398 0
-399 0
422 0
-421 0
-423 0
-424 0
-425 0
-426 0
-427 0
-428 0
-429 0
438 0
-431 0
-432 0
-433 0
-434 0
-435 0
-436 0
-437 0
-439 0
515 0
-511 0
-512 0
-513 0
-514 0
-516 0
-517 0
-518 0
-519 0
554 0
-551 0
-552 0
-553 0
-555 0
-556 0
-557 0
-558 0
-559 0
596 0
-591 0
-592 0
-593 0
-594 0
-595 0
-597 0
-598 0
-599 0
678 0
-671 0
-672 0
-673 0
-674 0
-675 0
-676 0
-677 0
-679 0
685 0
-681 0
-682 0
-683 0
-684 0
-686 0
-687 0
-688 0
-689 0
718 0
-711 0
-712 0
-713 0
-714 0
-715 0
-716 0
-717 0
-719 0
727 0
-721 0
-722 0
-723 0
-724 0
-725 0
-726 0
-728 0
-729 0
745 0
-741 0
-742 0
-743 0
-744 0
-746 0
-747 0
-748 0
-749 0
782 0
-781 0
-783 0
-784 0
-785 0
-786 0
-787 0
-788 0
-789 0
799 0
-791 0
-792 0
-793 0
-794 0
-795 0
-796 0
-797 0
-798 0
835 0
-831 0
-832 0
-833 0
-834 0
-836 0
-837 0
-838 0
-839 0
846 0
-841 0
-842 0
-843 0
-844 0
-845 0
-847 0
-848 0
-849 0
877 0
-871 0
-872 0
-873 0
-874 0
-875 0
-876 0
-878 0
-879 0
916 0
-911 0
-912 0
-913 0
-914 0
-915 0
-917 0
-918 0
-919 0
957 0
-951 0
-952 0
-953 0
-954 0
-955 0
-956 0
-958 0
-959 0
995 0
-991 0
-992 0
-993 0
-994 0
-996 0
-997 0
-998 0
-999 0
