164 0
-161 0
-162 0
-163 0
-165 0
-166 0
-167 0
-168 0
-169 0
224 0
-221 0
-222 0
-223 0
-225 0
-226 0
-227 0
-228 0
-229 0
253 0
-251 0
-252 0
-254 0
-255 0
-256 0
-257 0
-258 0
-259 0
327 0
-321 0
-322 0
-323 0
-324 0
-325 0
-326 0
-328 0
-329 0
336 0
-331 0
-332 0
-333 0
-334 0
-335 0
-337 0
-338 0
-339 0
345 0
-341 0
-342 0
-343 0
-344 0
-346 0
-347 0
-348 0
-349 0
382 0
-381 0
-383 0
-384 0
-385 0
-386 0
-387 0
-388 0
-389 0
414 0
-411 0
-412 0
-413 0
-415 0
-416 0
-417 0
-418 0
-419 0
441 0
-442 0
-443 0
-444 0
-445 0
-446 0
-447 0
-448 0
-449 0
466 0
-461 0
-462 0
-463 0
-464 0
-465 0
-467 0
-468 0
-469 0
475 0
-471 0
-472 0
-473 0
-474 0
-476 0
-477 0
-478 0
-479 0
528 0
-521 0
-522 0
-523 0
-524 0
-525 0
-526 0
-527 0
-529 0
589 0
-581 0
-582 0
-583 0
-584 0
-585 0
-586 0
-587 0
-588 0
639 0
-631 0
-632 0
-633 0
-634 0
-635 0
-636 0
-637 0
-638 0
648 0
-641 0
-642 0
-643 0
-644 0
-645 0
-646 0
-647 0
-649 0
662 0
-661 0
-663 0
-664 0
-665 0
-666 0
-667 0
-668 0
-669 0
697 0
-691 0
-692 0
-693 0
-694 0
-695 0
-696 0
-698 0
-699 0
769 0
-761 0
-762 0
-763 0
-764 0
-765 0
-766 0
-767 0
-768 0
776 0
-771 0
-772 0
-773 0
-774 0
-775 0
-777 0
-778 0
-779 0
785 0
-781 0
-782 0
-783 0
-784 0
-786 0
-787 0
-788 0
-789 0
835 0
-831 0
-832 0
-833 0
-834 0
-836 0
-837 0
-838 0
-839 0
851 0
-852 0
-853 0
-854 0
-855 0
-856 0
-857 0
-858 0
-859 0
883 0
-881 0
-882 0
-884 0
-885 0
-886 0
-887 0
-888 0
-889 0
947 0
-941 0
-942 0
-943 0
-944 0
-945 0
-946 0
-948 0
-949 0
164 0
-161 0
-162 0
-163 0
-165 0
-166 0
-167 0
-168 0
-169 0
224 0
-221 0
-222 0
-223 0
-225 0
-226 0
-227 0
-228 0
-229 0
253 0
-251 0
-252 0
-254 0
-255 0
-256 0
-257 0
-258 0
-259 0
327 0
-321 0
-322 0
-323 0
-324 0
-325 0
-326 0
-328 0
-329 0
336 0
-331 0
-332 0
-333 0
-334 0
-335 0
-337 0
-338 0
-339 0
345 0
-341 0
-342 0
-343 0
-344 0
-346 0
-347 0
-348 0
-349 0
382 0
-381 0
-383 0
-384 0
-385 0
-386 0
-387 0
-388 0
-389 0
414 0
-411 0
-412 0
-413 0
-415 0
-416 0
-417 0
-418 0
-419 0
441 0
-442 0
-443 0
-444 0
-445 0
-446 0
-447 0
-448 0
-449 0
466 0
-461 0
-462 0
-463 0
-464 0
-465 0
-467 0
-468 0
-469 0
475 0
-471 0
-472 0
-473 0
-474 0
-476 0
-477 0
-478 0
-479 0
528 0
-521 0
-522 0
-523 0
-524 0
-525 0
-526 0
-527 0
-529 0
589 0
-581 0
-582 0
-583 0
-584 0
-585 0
-586 0
-587 0
-588 0
639 0
-631 0
-632 0
-633 0
-634 0
-635 0
-636 0
-637 0
-638 0
648 0
-641 0
-642 0
-643 0
-644 0
-645 0
-646 0
-647 0
-649 0
662 0
-661 0
-663 0
-664 0
-665 0
-666 0
-667 0
-668 0
-669 0
697 0
-691 0
-692 0
-693 0
-694 0
-695 0
-696 0
-698 0
-699 0
769 0
-761 0
-762 0
-763 0
-764 0
-765 0
-766 0
-767 0
-768 0
776 0
-771 0
-772 0
-773 0
-774 0
-775 0
-777 0
-778 0
-779 0
785 0
-781 0
-782 0
-783 0
-784 0
-786 0
-787 0
-788 0
-789 0
835 0
-831 0
-832 0
-833 0
-834 0
-836 0
-837 0
-838 0
-839 0
851 0
-852 0
-853 0
-854 0
-855 0
-856 0
-857 0
-858 0
-859 0
883 0
-881 0
-882 0
-884 0
-885 0
-886 0
-887 0
-888 0
-889 0
947 0
-941 0
-942 0
-943 0
-944 0
-945 0
-946 0
-948 0
-949 0
