137 0
-131 0
-132 0
-133 0
-134 0
-135 0
-136 0
-138 0
-139 0
143 0
-141 0
-142 0
-144 0
-145 0
-146 0
-147 0
-148 0
-149 0
172 0
-171 0
-173 0
-174 0
-175 0
-176 0
-177 0
-178 0
-179 0
215 0
-211 0
-212 0
-213 0
-214 0
-216 0
-217 0
-218 0
-219 0
246 0
-241 0
-242 0
-243 0
-244 0
-245 0
-247 0
-248 0
-249 0
294 0
-291 0
-292 0
-293 0
-295 0
-296 0
-297 0
-298 0
-299 0
318 0
-311 0
-312 0
-313 0
-314 0
-315 0
-316 0
-317 0
-319 0
321 0
-322 0
-323 0
-324 0
-325 0
-326 0
-327 0
-328 0
-329 0
386 0
-381 0
-382 0
-383 0
-384 0
-385 0
-387 0
-388 0
-389 0
399 0
-391 0
-392 0
-393 0
-394 0
-395 0
-396 0
-397 0
-398 0
433 0
-431 0
-432 0
-434 0
-435 0
-436 0
-437 0
-438 0
-439 0
455 0
-451 0
-452 0
-453 0
-454 0
-456 0
-457 0
-458 0
-459 0
488 0
-481 0
-482 0
-483 0
-484 0
-485 0
-486 0
-487 0
-489 0
547 0
-541 0
-542 0
-543 0
-544 0
-545 0
-546 0
-548 0
-549 0
563 0
-561 0
-562 0
-564 0
-565 0
-566 0
-567 0
-568 0
-569 0
625 0
-621 0
-622 0
-623 0
-624 0
-626 0
-627 0
-628 0
-629 0
652 0
-651 0
-653 0
-654 0
-655 0
-656 0
-657 0
-658 0
-659 0
679 0
-671 0
-672 0
-673 0
-674 0
-675 0
-676 0
-677 0
-678 0
713 0
-711 0
-712 0
-714 0
-715 0
-716 0
-717 0
-718 0
-719 0
722 0
-721 0
-723 0
-724 0
-725 0
-726 0
-727 0
-728 0
-729 0
784 0
-781 0
-782 0
-783 0
-785 0
-786 0
-787 0
-788 0
-789 0
791 0
-792 0
-793 0
-794 0
-795 0
-796 0
-797 0
-798 0
-799 0
811 0
-812 0
-813 0
-814 0
-815 0
-816 0
-817 0
-818 0
-819 0
865 0
-861 0
-862 0
-863 0
-864 0
-866 0
-867 0
-868 0
-869 0
898 0
-891 0
-892 0
-893 0
-894 0
-895 0
-896 0
-897 0
-899 0
938 0
-931 0
-932 0
-933 0
-934 0
-935 0
-936 0
-937 0
-939 0
967 0
-961 0
-962 0
-963 0
-964 0
-965 0
-966 0
-968 0
-969 0
975 0
-971 0
-972 0
-973 0
-974 0
-976 0
-977 0
-978 0
-979 0
