117 0
-111 0
-112 0
-113 0
-114 0
-115 0
-116 0
-118 0
-119 0
164 0
-161 0
-162 0
-163 0
-165 0
-166 0
-167 0
-168 0
-169 0
195 0
-191 0
-192 0
-193 0
-194 0
-196 0
-197 0
-198 0
-199 0
231 0
-232 0
-233 0
-234 0
-235 0
-236 0
-237 0
-238 0
-239 0
253 0
-251 0
-252 0
-254 0
-255 0
-256 0
-257 0
-258 0
-259 0
272 0
-271 0
-273 0
-274 0
-275 0
-276 0
-277 0
-278 0
-279 0
324 0
-321 0
-322 0
-323 0
-325 0
-326 0
-327 0
-328 0
-329 0
341 0
-342 0
-343 0
-344 0
-345 0
-346 0
-347 0
-348 0
-349 0
386 0
-381 0
-382 0
-383 0
-384 0
-385 0
-387 0
-388 0
-389 0
415 0
-411 0
-412 0
-413 0
-414 0
-416 0
-417 0
-418 0
-419 0
429 0
-421 0
-422 0
-423 0
-424 0
-425 0
-426 0
-427 0
-428 0
477 0
-471 0
-472 0
-473 0
-474 0
-475 0
-476 0
-478 0
-479 0
549 0
-541 0
-542 0
-543 0
-544 0
-545 0
-546 0
-547 0
-548 0
558 0
-551 0
-552 0
-553 0
-554 0
-555 0
-556 0
-557 0
-559 0
566 0
-561 0
-562 0
-563 0
-564 0
-565 0
-567 0
-568 0
-569 0
636 0
-631 0
-632 0
-633 0
-634 0
-635 0
-637 0
-638 0
-639 0
684 0
-681 0
-682 0
-683 0
-685 0
-686 0
-687 0
-688 0
-689 0
698 0
-691 0
-692 0
-693 0
-694 0
-695 0
-696 0
-697 0
-699 0
722 0
-721 0
-723 0
-724 0
-725 0
-726 0
-727 0
-728 0
-729 0
761 0
-762 0
-763 0
-764 0
-765 0
-766 0
-767 0
-768 0
-769 0
788 0
-781 0
-782 0
-783 0
-784 0
-785 0
-786 0
-787 0
-789 0
833 0
-831 0
-832 0
-834 0
-835 0
-836 0
-837 0
-838 0
-839 0
857 0
-851 0
-852 0
-853 0
-854 0
-855 0
-856 0
-858 0
-859 0
874 0
-871 0
-872 0
-873 0
-875 0
-876 0
-877 0
-878 0
-879 0
919 0
-911 0
-912 0
-913 0
-914 0
-915 0
-916 0
-917 0
-918 0
944 0
-941 0
-942 0
-943 0
-945 0
-946 0
-947 0
-948 0
-949 0
991 0
-992 0
-993 0
-994 0
-995 0
-996 0
-997 0
-998 0
-999 0
117 0
-111 0
-112 0
-113 0
-114 0
-115 0
-116 0
-118 0
-119 0
164 0
-161 0
-162 0
-163 0
-165 0
-166 0
-167 0
-168 0
-169 0
195 0
-191 0
-192 0
-193 0
-194 0
-196 0
-197 0
-198 0
-199 0
231 0
-232 0
-233 0
-234 0
-235 0
-236 0
-237 0
-238 0
-239 0
253 0
-251 0
-252 0
-254 0
-255 0
-256 0
-257 0
-258 0
-259 0
272 0
-271 0
-273 0
-274 0
-275 0
-276 0
-277 0
-278 0
-279 0
324 0
-321 0
-322 0
-323 0
-325 0
-326 0
-327 0
-328 0
-329 0
341 0
-342 0
-343 0
-344 0
-345 0
-346 0
-347 0
-348 0
-349 0
386 0
-381 0
-382 0
-383 0
-384 0
-385 0
-387 0
-388 0
-389 0
415 0
-411 0
-412 0
-413 0
-414 0
-416 0
-417 0
-418 0
-419 0
429 0
-421 0
-422 0
-423 0
-424 0
-425 0
-426 0
-427 0
-428 0
477 0
-471 0
-472 0
-473 0
-474 0
-475 0
-476 0
-478 0
-479 0
549 0
-541 0
-542 0
-543 0
-544 0
-545 0
-546 0
-547 0
-548 0
558 0
-551 0
-552 0
-553 0
-554 0
-555 0
-556 0
-557 0
-559 0
566 0
-561 0
-562 0
-563 0
-564 0
-565 0
-567 0
-568 0
-569 0
636 0
-631 0
-632 0
-633 0
-634 0
-635 0
-637 0
-638 0
-639 0
684 0
-681 0
-682 0
-683 0
-685 0
-686 0
-687 0
-688 0
-689 0
698 0
-691 0
-692 0
-693 0
-694 0
-695 0
-696 0
-697 0
-699 0
722 0
-721 0
-723 0
-724 0
-725 0
-726 0
-727 0
-728 0
-729 0
761 0
-762 0
-763 0
-764 0
-765 0
-766 0
-767 0
-768 0
-769 0
788 0
-781 0
-782 0
-783 0
-784 0
-785 0
-786 0
-787 0
-789 0
833 0
-831 0
-832 0
-834 0
-835 0
-836 0
-837 0
-838 0
-839 0
857 0
-851 0
-852 0
-853 0
-854 0
-855 0
-856 0
-858 0
-859 0
874 0
-871 0
-872 0
-873 0
-875 0
-876 0
-877 0
-878 0
-879 0
919 0
-911 0
-912 0
-913 0
-914 0
-915 0
-916 0
-917 0
-918 0
944 0
-941 0
-942 0
-943 0
-945 0
-946 0
-947 0
-948 0
-949 0
991 0
-992 0
-993 0
-994 0
-995 0
-996 0
-997 0
-998 0
-999 0
