187 0
-181 0
-182 0
-183 0
-184 0
-185 0
-186 0
-188 0
-189 0
199 0
-191 0
-192 0
-193 0
-194 0
-195 0
-196 0
-197 0
-198 0
211 0
-212 0
-213 0
-214 0
-215 0
-216 0
-217 0
-218 0
-219 0
263 0
-261 0
-262 0
-264 0
-265 0
-266 0
-267 0
-268 0
-269 0
284 0
-281 0
-282 0
-283 0
-285 0
-286 0
-287 0
-288 0
-289 0
332 0
-331 0
-333 0
-334 0
-335 0
-336 0
-337 0
-338 0
-339 0
348 0
-341 0
-342 0
-343 0
-344 0
-345 0
-346 0
-347 0
-349 0
356 0
-351 0
-352 0
-353 0
-354 0
-355 0
-357 0
-358 0
-359 0
393 0
-391 0
-392 0
-394 0
-395 0
-396 0
-397 0
-398 0
-399 0
447 0
-441 0
-442 0
-443 0
-444 0
-445 0
-446 0
-448 0
-449 0
451 0
-452 0
-453 0
-454 0
-455 0
-456 0
-457 0
-458 0
-459 0
465 0
-461 0
-462 0
-463 0
-464 0
-466 0
-467 0
-468 0
-469 0
488 0
-481 0
-482 0
-483 0
-484 0
-485 0
-486 0
-487 0
-489 0
492 0
-491 0
-493 0
-494 0
-495 0
-496 0
-497 0
-498 0
-499 0
528 0
-521 0
-522 0
-523 0
-524 0
-525 0
-526 0
-527 0
-529 0
566 0
-561 0
-562 0
-563 0
-564 0
-565 0
-567 0
-568 0
-569 0
579 0
-571 0
-572 0
-573 0
-574 0
-575 0
-576 0
-577 0
-578 0
643 0
-641 0
-642 0
-644 0
-645 0
-646 0
-647 0
-648 0
-649 0
719 0
-711 0
-712 0
-713 0
-714 0
-715 0
-716 0
-717 0
-718 0
813 0
-811 0
-812 0
-814 0
-815 0
-816 0
-817 0
-818 0
-819 0
834 0
-831 0
-832 0
-833 0
-835 0
-836 0
-837 0
-838 0
-839 0
922 0
-921 0
-923 0
-924 0
-925 0
-926 0
-927 0
-928 0
-929 0
935 0
-931 0
-932 0
-933 0
-934 0
-936 0
-937 0
-938 0
-939 0
954 0
-951 0
-952 0
-953 0
-955 0
-956 0
-957 0
-958 0
-959 0
968 0
-961 0
-962 0
-963 0
-964 0
-965 0
-966 0
-967 0
-969 0
