117 0
-111 0
-112 0
-113 0
-114 0
-115 0
-116 0
-118 0
-119 0
193 0
-191 0
-192 0
-194 0
-195 0
-196 0
-197 0
-198 0
-199 0
235 0
-231 0
-232 0
-233 0
-234 0
-236 0
-237 0
-238 0
-239 0
244 0
-241 0
-242 0
-243 0
-245 0
-246 0
-247 0
-248 0
-249 0
267 0
-261 0
-262 0
-263 0
-264 0
-265 0
-266 0
-268 0
-269 0
278 0
-271 0
-272 0
-273 0
-274 0
-275 0
-276 0
-277 0
-279 0
328 0
-321 0
-322 0
-323 0
-324 0
-325 0
-326 0
-327 0
-329 0
345 0
-341 0
-342 0
-343 0
-344 0
-346 0
-347 0
-348 0
-349 0
361 0
-362 0
-363 0
-364 0
-365 0
-366 0
-367 0
-368 0
-369 0
382 0
-381 0
-383 0
-384 0
-385 0
-386 0
-387 0
-388 0
-389 0
426 0
-421 0
-422 0
-423 0
-424 0
-425 0
-427 0
-428 0
-429 0
434 0
-431 0
-432 0
-433 0
-435 0
-436 0
-437 0
-438 0
-439 0
442 0
-441 0
-443 0
-444 0
-445 0
-446 0
-447 0
-448 0
-449 0
465 0
-461 0
-462 0
-463 0
-464 0
-466 0
-467 0
-468 0
-469 0
473 0
-471 0
-472 0
-474 0
-475 0
-476 0
-477 0
-478 0
-479 0
488 0
-481 0
-482 0
-483 0
-484 0
-485 0
-486 0
-487 0
-489 0
558 0
-551 0
-552 0
-553 0
-554 0
-555 0
-556 0
-557 0
-559 0
623 0
-621 0
-622 0
-624 0
-625 0
-626 0
-627 0
-628 0
-629 0
632 0
-631 0
-633 0
-634 0
-635 0
-636 0
-637 0
-638 0
-639 0
641 0
-642 0
-643 0
-644 0
-645 0
-646 0
-647 0
-648 0
-649 0
669 0
-661 0
-662 0
-663 0
-664 0
-665 0
-666 0
-667 0
-668 0
675 0
-671 0
-672 0
-673 0
-674 0
-676 0
-677 0
-678 0
-679 0
687 0
-681 0
-682 0
-683 0
-684 0
-685 0
-686 0
-688 0
-689 0
725 0
-721 0
-722 0
-723 0
-724 0
-726 0
-727 0
-728 0
-729 0
746 0
-741 0
-742 0
-743 0
-744 0
-745 0
-747 0
-748 0
-749 0
762 0
-761 0
-763 0
-764 0
-765 0
-766 0
-767 0
-768 0
-769 0
784 0
-781 0
-782 0
-783 0
-785 0
-786 0
-787 0
-788 0
-789 0
837 0
-831 0
-832 0
-833 0
-834 0
-835 0
-836 0
-838 0
-839 0
848 0
-841 0
-842 0
-843 0
-844 0
-845 0
-846 0
-847 0
-849 0
863 0
-861 0
-862 0
-864 0
-865 0
-866 0
-867 0
-868 0
-869 0
876 0
-871 0
-872 0
-873 0
-874 0
-875 0
-877 0
-878 0
-879 0
916 0
-911 0
-912 0
-913 0
-914 0
-915 0
-917 0
-918 0
-919 0
995 0
-991 0
-992 0
-993 0
-994 0
-996 0
-997 0
-998 0
-999 0
117 0
-111 0
-112 0
-113 0
-114 0
-115 0
-116 0
-118 0
-119 0
193 0
-191 0
-192 0
-194 0
-195 0
-196 0
-197 0
-198 0
-199 0
235 0
-231 0
-232 0
-233 0
-234 0
-236 0
-237 0
-238 0
-239 0
244 0
-241 0
-242 0
-243 0
-245 0
-246 0
-247 0
-248 0
-249 0
267 0
-261 0
-262 0
-263 0
-264 0
-265 0
-266 0
-268 0
-269 0
278 0
-271 0
-272 0
-273 0
-274 0
-275 0
-276 0
-277 0
-279 0
328 0
-321 0
-322 0
-323 0
-324 0
-325 0
-326 0
-327 0
-329 0
345 0
-341 0
-342 0
-343 0
-344 0
-346 0
-347 0
-348 0
-349 0
361 0
-362 0
-363 0
-364 0
-365 0
-366 0
-367 0
-368 0
-369 0
382 0
-381 0
-383 0
-384 0
-385 0
-386 0
-387 0
-388 0
-389 0
426 0
-421 0
-422 0
-423 0
-424 0
-425 0
-427 0
-428 0
-429 0
434 0
-431 0
-432 0
-433 0
-435 0
-436 0
-437 0
-438 0
-439 0
442 0
-441 0
-443 0
-444 0
-445 0
-446 0
-447 0
-448 0
-449 0
465 0
-461 0
-462 0
-463 0
-464 0
-466 0
-467 0
-468 0
-469 0
473 0
-471 0
-472 0
-474 0
-475 0
-476 0
-477 0
-478 0
-479 0
488 0
-481 0
-482 0
-483 0
-484 0
-485 0
-486 0
-487 0
-489 0
558 0
-551 0
-552 0
-553 0
-554 0
-555 0
-556 0
-557 0
-559 0
623 0
-621 0
-622 0
-624 0
-625 0
-626 0
-627 0
-628 0
-629 0
632 0
-631 0
-633 0
-634 0
-635 0
-636 0
-637 0
-638 0
-639 0
641 0
-642 0
-643 0
-644 0
-645 0
-646 0
-647 0
-648 0
-649 0
669 0
-661 0
-662 0
-663 0
-664 0
-665 0
-666 0
-667 0
-668 0
675 0
-671 0
-672 0
-673 0
-674 0
-676 0
-677 0
-678 0
-679 0
687 0
-681 0
-682 0
-683 0
-684 0
-685 0
-686 0
-688 0
-689 0
725 0
-721 0
-722 0
-723 0
-724 0
-726 0
-727 0
-728 0
-729 0
746 0
-741 0
-742 0
-743 0
-744 0
-745 0
-747 0
-748 0
-749 0
762 0
-761 0
-763 0
-764 0
-765 0
-766 0
-767 0
-768 0
-769 0
784 0
-781 0
-782 0
-783 0
-785 0
-786 0
-787 0
-788 0
-789 0
837 0
-831 0
-832 0
-833 0
-834 0
-835 0
-836 0
-838 0
-839 0
848 0
-841 0
-842 0
-843 0
-844 0
-845 0
-846 0
-847 0
-849 0
863 0
-861 0
-862 0
-864 0
-865 0
-866 0
-867 0
-868 0
-869 0
876 0
-871 0
-872 0
-873 0
-874 0
-875 0
-877 0
-878 0
-879 0
916 0
-911 0
-912 0
-913 0
-914 0
-915 0
-917 0
-918 0
-919 0
995 0
-991 0
-992 0
-993 0
-994 0
-996 0
-997 0
-998 0
-999 0
