112 0
-111 0
-113 0
-114 0
-115 0
-116 0
-117 0
-118 0
-119 0
148 0
-141 0
-142 0
-143 0
-144 0
-145 0
-146 0
-147 0
-149 0
157 0
-151 0
-152 0
-153 0
-154 0
-155 0
-156 0
-158 0
-159 0
259 0
-251 0
-252 0
-253 0
-254 0
-255 0
-256 0
-257 0
-258 0
272 0
-271 0
-273 0
-274 0
-275 0
-276 0
-277 0
-278 0
-279 0
298 0
-291 0
-292 0
-293 0
-294 0
-295 0
-296 0
-297 0
-299 0
344 0
-341 0
-342 0
-343 0
-345 0
-346 0
-347 0
-348 0
-349 0
381 0
-382 0
-383 0
-384 0
-385 0
-386 0
-387 0
-388 0
-389 0
411 0
-412 0
-413 0
-414 0
-415 0
-416 0
-417 0
-418 0
-419 0
424 0
-421 0
-422 0
-423 0
-425 0
-426 0
-427 0
-428 0
-429 0
443 0
-441 0
-442 0
-444 0
-445 0
-446 0
-447 0
-448 0
-449 0
465 0
-461 0
-462 0
-463 0
-464 0
-466 0
-467 0
-468 0
-469 0
487 0
-481 0
-482 0
-483 0
-484 0
-485 0
-486 0
-488 0
-489 0
499 0
-491 0
-492 0
-493 0
-494 0
-495 0
-496 0
-497 0
-498 0
539 0
-531 0
-532 0
-533 0
-534 0
-535 0
-536 0
-537 0
-538 0
578 0
-571 0
-572 0
-573 0
-574 0
-575 0
-576 0
-577 0
-579 0
616 0
-611 0
-612 0
-613 0
-614 0
-615 0
-617 0
-618 0
-619 0
647 0
-641 0
-642 0
-643 0
-644 0
-645 0
-646 0
-648 0
-649 0
669 0
-661 0
-662 0
-663 0
-664 0
-665 0
-666 0
-667 0
-668 0
693 0
-691 0
-692 0
-694 0
-695 0
-696 0
-697 0
-698 0
-699 0
726 0
-721 0
-722 0
-723 0
-724 0
-725 0
-727 0
-728 0
-729 0
741 0
-742 0
-743 0
-744 0
-745 0
-746 0
-747 0
-748 0
-749 0
837 0
-831 0
-832 0
-833 0
-834 0
-835 0
-836 0
-838 0
-839 0
854 0
-851 0
-852 0
-853 0
-855 0
-856 0
-857 0
-858 0
-859 0
928 0
-921 0
-922 0
-923 0
-924 0
-925 0
-926 0
-927 0
-929 0
949 0
-941 0
-942 0
-943 0
-944 0
-945 0
-946 0
-947 0
-948 0
952 0
-951 0
-953 0
-954 0
-955 0
-956 0
-957 0
-958 0
-959 0
994 0
-991 0
-992 0
-993 0
-995 0
-996 0
-997 0
-998 0
-999 0
112 0
-111 0
-113 0
-114 0
-115 0
-116 0
-117 0
-118 0
-119 0
148 0
-141 0
-142 0
-143 0
-144 0
-145 0
-146 0
-147 0
-149 0
157 0
-151 0
-152 0
-153 0
-154 0
-155 0
-156 0
-158 0
-159 0
259 0
-251 0
-252 0
-253 0
-254 0
-255 0
-256 0
-257 0
-258 0
272 0
-271 0
-273 0
-274 0
-275 0
-276 0
-277 0
-278 0
-279 0
298 0
-291 0
-292 0
-293 0
-294 0
-295 0
-296 0
-297 0
-299 0
344 0
-341 0
-342 0
-343 0
-345 0
-346 0
-347 0
-348 0
-349 0
381 0
-382 0
-383 0
-384 0
-385 0
-386 0
-387 0
-388 0
-389 0
411 0
-412 0
-413 0
-414 0
-415 0
-416 0
-417 0
-418 0
-419 0
424 0
-421 0
-422 0
-423 0
-425 0
-426 0
-427 0
-428 0
-429 0
443 0
-441 0
-442 0
-444 0
-445 0
-446 0
-447 0
-448 0
-449 0
465 0
-461 0
-462 0
-463 0
-464 0
-466 0
-467 0
-468 0
-469 0
487 0
-481 0
-482 0
-483 0
-484 0
-485 0
-486 0
-488 0
-489 0
499 0
-491 0
-492 0
-493 0
-494 0
-495 0
-496 0
-497 0
-498 0
539 0
-531 0
-532 0
-533 0
-534 0
-535 0
-536 0
-537 0
-538 0
578 0
-571 0
-572 0
-573 0
-574 0
-575 0
-576 0
-577 0
-579 0
616 0
-611 0
-612 0
-613 0
-614 0
-615 0
-617 0
-618 0
-619 0
647 0
-641 0
-642 0
-643 0
-644 0
-645 0
-646 0
-648 0
-649 0
669 0
-661 0
-662 0
-663 0
-664 0
-665 0
-666 0
-667 0
-668 0
693 0
-691 0
-692 0
-694 0
-695 0
-696 0
-697 0
-698 0
-699 0
726 0
-721 0
-722 0
-723 0
-724 0
-725 0
-727 0
-728 0
-729 0
741 0
-742 0
-743 0
-744 0
-745 0
-746 0
-747 0
-748 0
-749 0
837 0
-831 0
-832 0
-833 0
-834 0
-835 0
-836 0
-838 0
-839 0
854 0
-851 0
-852 0
-853 0
-855 0
-856 0
-857 0
-858 0
-859 0
928 0
-921 0
-922 0
-923 0
-924 0
-925 0
-926 0
-927 0
-929 0
949 0
-941 0
-942 0
-943 0
-944 0
-945 0
-946 0
-947 0
-948 0
952 0
-951 0
-953 0
-954 0
-955 0
-956 0
-957 0
-958 0
-959 0
994 0
-991 0
-992 0
-993 0
-995 0
-996 0
-997 0
-998 0
-999 0
