118 0
-111 0
-112 0
-113 0
-114 0
-115 0
-116 0
-117 0
-119 0
132 0
-131 0
-133 0
-134 0
-135 0
-136 0
-137 0
-138 0
-139 0
149 0
-141 0
-142 0
-143 0
-144 0
-145 0
-146 0
-147 0
-148 0
225 0
-221 0
-222 0
-223 0
-224 0
-226 0
-227 0
-228 0
-229 0
247 0
-241 0
-242 0
-243 0
-244 0
-245 0
-246 0
-248 0
-249 0
253 0
-251 0
-252 0
-254 0
-255 0
-256 0
-257 0
-258 0
-259 0
324 0
-321 0
-322 0
-323 0
-325 0
-326 0
-327 0
-328 0
-329 0
333 0
-331 0
-332 0
-334 0
-335 0
-336 0
-337 0
-338 0
-339 0
365 0
-361 0
-362 0
-363 0
-364 0
-366 0
-367 0
-368 0
-369 0
437 0
-431 0
-432 0
-433 0
-434 0
-435 0
-436 0
-438 0
-439 0
454 0
-451 0
-452 0
-453 0
-455 0
-456 0
-457 0
-458 0
-459 0
481 0
-482 0
-483 0
-484 0
-485 0
-486 0
-487 0
-488 0
-489 0
492 0
-491 0
-493 0
-494 0
-495 0
-496 0
-497 0
-498 0
-499 0
529 0
-521 0
-522 0
-523 0
-524 0
-525 0
-526 0
-527 0
-528 0
542 0
-541 0
-543 0
-544 0
-545 0
-546 0
-547 0
-548 0
-549 0
568 0
-561 0
-562 0
-563 0
-564 0
-565 0
-566 0
-567 0
-569 0
584 0
-581 0
-582 0
-583 0
-585 0
-586 0
-587 0
-588 0
-589 0
612 0
-611 0
-613 0
-614 0
-615 0
-616 0
-617 0
-618 0
-619 0
623 0
-621 0
-622 0
-624 0
-625 0
-626 0
-627 0
-628 0
-629 0
657 0
-651 0
-652 0
-653 0
-654 0
-655 0
-656 0
-658 0
-659 0
679 0
-671 0
-672 0
-673 0
-674 0
-675 0
-676 0
-677 0
-678 0
741 0
-742 0
-743 0
-744 0
-745 0
-746 0
-747 0
-748 0
-749 0
773 0
-771 0
-772 0
-774 0
-775 0
-776 0
-777 0
-778 0
-779 0
794 0
-791 0
-792 0
-793 0
-795 0
-796 0
-797 0
-798 0
-799 0
858 0
-851 0
-852 0
-853 0
-854 0
-855 0
-856 0
-857 0
-859 0
863 0
-861 0
-862 0
-864 0
-865 0
-866 0
-867 0
-868 0
-869 0
871 0
-872 0
-873 0
-874 0
-875 0
-876 0
-877 0
-878 0
-879 0
882 0
-881 0
-883 0
-884 0
-885 0
-886 0
-887 0
-888 0
-889 0
967 0
-961 0
-962 0
-963 0
-964 0
-965 0
-966 0
-968 0
-969 0
996 0
-991 0
-992 0
-993 0
-994 0
-995 0
-997 0
-998 0
-999 0
118 0
-111 0
-112 0
-113 0
-114 0
-115 0
-116 0
-117 0
-119 0
132 0
-131 0
-133 0
-134 0
-135 0
-136 0
-137 0
-138 0
-139 0
149 0
-141 0
-142 0
-143 0
-144 0
-145 0
-146 0
-147 0
-148 0
225 0
-221 0
-222 0
-223 0
-224 0
-226 0
-227 0
-228 0
-229 0
247 0
-241 0
-242 0
-243 0
-244 0
-245 0
-246 0
-248 0
-249 0
253 0
-251 0
-252 0
-254 0
-255 0
-256 0
-257 0
-258 0
-259 0
324 0
-321 0
-322 0
-323 0
-325 0
-326 0
-327 0
-328 0
-329 0
333 0
-331 0
-332 0
-334 0
-335 0
-336 0
-337 0
-338 0
-339 0
365 0
-361 0
-362 0
-363 0
-364 0
-366 0
-367 0
-368 0
-369 0
437 0
-431 0
-432 0
-433 0
-434 0
-435 0
-436 0
-438 0
-439 0
454 0
-451 0
-452 0
-453 0
-455 0
-456 0
-457 0
-458 0
-459 0
481 0
-482 0
-483 0
-484 0
-485 0
-486 0
-487 0
-488 0
-489 0
492 0
-491 0
-493 0
-494 0
-495 0
-496 0
-497 0
-498 0
-499 0
529 0
-521 0
-522 0
-523 0
-524 0
-525 0
-526 0
-527 0
-528 0
542 0
-541 0
-543 0
-544 0
-545 0
-546 0
-547 0
-548 0
-549 0
568 0
-561 0
-562 0
-563 0
-564 0
-565 0
-566 0
-567 0
-569 0
584 0
-581 0
-582 0
-583 0
-585 0
-586 0
-587 0
-588 0
-589 0
612 0
-611 0
-613 0
-614 0
-615 0
-616 0
-617 0
-618 0
-619 0
623 0
-621 0
-622 0
-624 0
-625 0
-626 0
-627 0
-628 0
-629 0
657 0
-651 0
-652 0
-653 0
-654 0
-655 0
-656 0
-658 0
-659 0
679 0
-671 0
-672 0
-673 0
-674 0
-675 0
-676 0
-677 0
-678 0
741 0
-742 0
-743 0
-744 0
-745 0
-746 0
-747 0
-748 0
-749 0
773 0
-771 0
-772 0
-774 0
-775 0
-776 0
-777 0
-778 0
-779 0
794 0
-791 0
-792 0
-793 0
-795 0
-796 0
-797 0
-798 0
-799 0
858 0
-851 0
-852 0
-853 0
-854 0
-855 0
-856 0
-857 0
-859 0
863 0
-861 0
-862 0
-864 0
-865 0
-866 0
-867 0
-868 0
-869 0
871 0
-872 0
-873 0
-874 0
-875 0
-876 0
-877 0
-878 0
-879 0
882 0
-881 0
-883 0
-884 0
-885 0
-886 0
-887 0
-888 0
-889 0
967 0
-961 0
-962 0
-963 0
-964 0
-965 0
-966 0
-968 0
-969 0
996 0
-991 0
-992 0
-993 0
-994 0
-995 0
-997 0
-998 0
-999 0
