136 0
-131 0
-132 0
-133 0
-134 0
-135 0
-137 0
-138 0
-139 0
143 0
-141 0
-142 0
-144 0
-145 0
-146 0
-147 0
-148 0
-149 0
168 0
-161 0
-162 0
-163 0
-164 0
-165 0
-166 0
-167 0
-169 0
172 0
-171 0
-173 0
-174 0
-175 0
-176 0
-177 0
-178 0
-179 0
197 0
-191 0
-192 0
-193 0
-194 0
-195 0
-196 0
-198 0
-199 0
215 0
-211 0
-212 0
-213 0
-214 0
-216 0
-217 0
-218 0
-219 0
294 0
-291 0
-292 0
-293 0
-295 0
-296 0
-297 0
-298 0
-299 0
327 0
-321 0
-322 0
-323 0
-324 0
-325 0
-326 0
-328 0
-329 0
352 0
-351 0
-353 0
-354 0
-355 0
-356 0
-357 0
-358 0
-359 0
396 0
-391 0
-392 0
-393 0
-394 0
-395 0
-397 0
-398 0
-399 0
435 0
-431 0
-432 0
-433 0
-434 0
-436 0
-437 0
-438 0
-439 0
463 0
-461 0
-462 0
-464 0
-465 0
-466 0
-467 0
-468 0
-469 0
514 0
-511 0
-512 0
-513 0
-515 0
-516 0
-517 0
-518 0
-519 0
598 0
-591 0
-592 0
-593 0
-594 0
-595 0
-596 0
-597 0
-599 0
642 0
-641 0
-643 0
-644 0
-645 0
-646 0
-647 0
-648 0
-649 0
673 0
-671 0
-672 0
-674 0
-675 0
-676 0
-677 0
-678 0
-679 0
717 0
-711 0
-712 0
-713 0
-714 0
-715 0
-716 0
-718 0
-719 0
751 0
-752 0
-753 0
-754 0
-755 0
-756 0
-757 0
-758 0
-759 0
788 0
-781 0
-782 0
-783 0
-784 0
-785 0
-786 0
-787 0
-789 0
899 0
-891 0
-892 0
-893 0
-894 0
-895 0
-896 0
-897 0
-898 0
911 0
-912 0
-913 0
-914 0
-915 0
-916 0
-917 0
-918 0
-919 0
928 0
-921 0
-922 0
-923 0
-924 0
-925 0
-926 0
-927 0
-929 0
933 0
-931 0
-932 0
-934 0
-935 0
-936 0
-937 0
-938 0
-939 0
945 0
-941 0
-942 0
-943 0
-944 0
-946 0
-947 0
-948 0
-949 0
964 0
-961 0
-962 0
-963 0
-965 0
-966 0
-967 0
-968 0
-969 0
976 0
-971 0
-972 0
-973 0
-974 0
-975 0
-977 0
-978 0
-979 0
