137 0
-131 0
-132 0
-133 0
-134 0
-135 0
-136 0
-138 0
-139 0
144 0
-141 0
-142 0
-143 0
-145 0
-146 0
-147 0
-148 0
-149 0
165 0
-161 0
-162 0
-163 0
-164 0
-166 0
-167 0
-168 0
-169 0
234 0
-231 0
-232 0
-233 0
-235 0
-236 0
-237 0
-238 0
-239 0
253 0
-251 0
-252 0
-254 0
-255 0
-256 0
-257 0
-258 0
-259 0
282 0
-281 0
-283 0
-284 0
-285 0
-286 0
-287 0
-288 0
-289 0
318 0
-311 0
-312 0
-313 0
-314 0
-315 0
-316 0
-317 0
-319 0
336 0
-331 0
-332 0
-333 0
-334 0
-335 0
-337 0
-338 0
-339 0
357 0
-351 0
-352 0
-353 0
-354 0
-355 0
-356 0
-358 0
-359 0
412 0
-411 0
-413 0
-414 0
-415 0
-416 0
-417 0
-418 0
-419 0
443 0
-441 0
-442 0
-444 0
-445 0
-446 0
-447 0
-448 0
-449 0
497 0
-491 0
-492 0
-493 0
-494 0
-495 0
-496 0
-498 0
-499 0
529 0
-521 0
-522 0
-523 0
-524 0
-525 0
-526 0
-527 0
-528 0
531 0
-532 0
-533 0
-534 0
-535 0
-536 0
-537 0
-538 0
-539 0
575 0
-571 0
-572 0
-573 0
-574 0
-576 0
-577 0
-578 0
-579 0
583 0
-581 0
-582 0
-584 0
-585 0
-586 0
-587 0
-588 0
-589 0
615 0
-611 0
-612 0
-613 0
-614 0
-616 0
-617 0
-618 0
-619 0
661 0
-662 0
-663 0
-664 0
-665 0
-666 0
-667 0
-668 0
-669 0
692 0
-691 0
-693 0
-694 0
-695 0
-696 0
-697 0
-698 0
-699 0
756 0
-751 0
-752 0
-753 0
-754 0
-755 0
-757 0
-758 0
-759 0
772 0
-771 0
-773 0
-774 0
-775 0
-776 0
-777 0
-778 0
-779 0
794 0
-791 0
-792 0
-793 0
-795 0
-796 0
-797 0
-798 0
-799 0
821 0
-822 0
-823 0
-824 0
-825 0
-826 0
-827 0
-828 0
-829 0
858 0
-851 0
-852 0
-853 0
-854 0
-855 0
-856 0
-857 0
-859 0
876 0
-871 0
-872 0
-873 0
-874 0
-875 0
-877 0
-878 0
-879 0
942 0
-941 0
-943 0
-944 0
-945 0
-946 0
-947 0
-948 0
-949 0
963 0
-961 0
-962 0
-964 0
-965 0
-966 0
-967 0
-968 0
-969 0
979 0
-971 0
-972 0
-973 0
-974 0
-975 0
-976 0
-977 0
-978 0
