121 0
-122 0
-123 0
-124 0
-125 0
-126 0
-127 0
-128 0
-129 0
138 0
-131 0
-132 0
-133 0
-134 0
-135 0
-136 0
-137 0
-139 0
156 0
-151 0
-152 0
-153 0
-154 0
-155 0
-157 0
-158 0
-159 0
226 0
-221 0
-222 0
-223 0
-224 0
-225 0
-227 0
-228 0
-229 0
235 0
-231 0
-232 0
-233 0
-234 0
-236 0
-237 0
-238 0
-239 0
248 0
-241 0
-242 0
-243 0
-244 0
-245 0
-246 0
-247 0
-249 0
263 0
-261 0
-262 0
-264 0
-265 0
-266 0
-267 0
-268 0
-269 0
364 0
-361 0
-362 0
-363 0
-365 0
-366 0
-367 0
-368 0
-369 0
389 0
-381 0
-382 0
-383 0
-384 0
-385 0
-386 0
-387 0
-388 0
428 0
-421 0
-422 0
-423 0
-424 0
-425 0
-426 0
-427 0
-429 0
439 0
-431 0
-432 0
-433 0
-434 0
-435 0
-436 0
-437 0
-438 0
453 0
-451 0
-452 0
-454 0
-455 0
-456 0
-457 0
-458 0
-459 0
487 0
-481 0
-482 0
-483 0
-484 0
-485 0
-486 0
-488 0
-489 0
517 0
-511 0
-512 0
-513 0
-514 0
-515 0
-516 0
-518 0
-519 0
599 0
-591 0
-592 0
-593 0
-594 0
-595 0
-596 0
-597 0
-598 0
622 0
-621 0
-623 0
-624 0
-625 0
-626 0
-627 0
-628 0
-629 0
657 0
-651 0
-652 0
-653 0
-654 0
-655 0
-656 0
-658 0
-659 0
673 0
-671 0
-672 0
-674 0
-675 0
-676 0
-677 0
-678 0
-679 0
685 0
-681 0
-682 0
-683 0
-684 0
-686 0
-687 0
-688 0
-689 0
744 0
-741 0
-742 0
-743 0
-745 0
-746 0
-747 0
-748 0
-749 0
783 0
-781 0
-782 0
-784 0
-785 0
-786 0
-787 0
-788 0
-789 0
795 0
-791 0
-792 0
-793 0
-794 0
-796 0
-797 0
-798 0
-799 0
837 0
-831 0
-832 0
-833 0
-834 0
-835 0
-836 0
-838 0
-839 0
842 0
-841 0
-843 0
-844 0
-845 0
-846 0
-847 0
-848 0
-849 0
861 0
-862 0
-863 0
-864 0
-865 0
-866 0
-867 0
-868 0
-869 0
886 0
-881 0
-882 0
-883 0
-884 0
-885 0
-887 0
-888 0
-889 0
894 0
-891 0
-892 0
-893 0
-895 0
-896 0
-897 0
-898 0
-899 0
955 0
-951 0
-952 0
-953 0
-954 0
-956 0
-957 0
-958 0
-959 0
121 0
-122 0
-123 0
-124 0
-125 0
-126 0
-127 0
-128 0
-129 0
138 0
-131 0
-132 0
-133 0
-134 0
-135 0
-136 0
-137 0
-139 0
156 0
-151 0
-152 0
-153 0
-154 0
-155 0
-157 0
-158 0
-159 0
226 0
-221 0
-222 0
-223 0
-224 0
-225 0
-227 0
-228 0
-229 0
235 0
-231 0
-232 0
-233 0
-234 0
-236 0
-237 0
-238 0
-239 0
248 0
-241 0
-242 0
-243 0
-244 0
-245 0
-246 0
-247 0
-249 0
263 0
-261 0
-262 0
-264 0
-265 0
-266 0
-267 0
-268 0
-269 0
364 0
-361 0
-362 0
-363 0
-365 0
-366 0
-367 0
-368 0
-369 0
389 0
-381 0
-382 0
-383 0
-384 0
-385 0
-386 0
-387 0
-388 0
428 0
-421 0
-422 0
-423 0
-424 0
-425 0
-426 0
-427 0
-429 0
439 0
-431 0
-432 0
-433 0
-434 0
-435 0
-436 0
-437 0
-438 0
453 0
-451 0
-452 0
-454 0
-455 0
-456 0
-457 0
-458 0
-459 0
487 0
-481 0
-482 0
-483 0
-484 0
-485 0
-486 0
-488 0
-489 0
517 0
-511 0
-512 0
-513 0
-514 0
-515 0
-516 0
-518 0
-519 0
599 0
-591 0
-592 0
-593 0
-594 0
-595 0
-596 0
-597 0
-598 0
622 0
-621 0
-623 0
-624 0
-625 0
-626 0
-627 0
-628 0
-629 0
657 0
-651 0
-652 0
-653 0
-654 0
-655 0
-656 0
-658 0
-659 0
673 0
-671 0
-672 0
-674 0
-675 0
-676 0
-677 0
-678 0
-679 0
685 0
-681 0
-682 0
-683 0
-684 0
-686 0
-687 0
-688 0
-689 0
744 0
-741 0
-742 0
-743 0
-745 0
-746 0
-747 0
-748 0
-749 0
783 0
-781 0
-782 0
-784 0
-785 0
-786 0
-787 0
-788 0
-789 0
795 0
-791 0
-792 0
-793 0
-794 0
-796 0
-797 0
-798 0
-799 0
837 0
-831 0
-832 0
-833 0
-834 0
-835 0
-836 0
-838 0
-839 0
842 0
-841 0
-843 0
-844 0
-845 0
-846 0
-847 0
-848 0
-849 0
861 0
-862 0
-863 0
-864 0
-865 0
-866 0
-867 0
-868 0
-869 0
886 0
-881 0
-882 0
-883 0
-884 0
-885 0
-887 0
-888 0
-889 0
894 0
-891 0
-892 0
-893 0
-895 0
-896 0
-897 0
-898 0
-899 0
955 0
-951 0
-952 0
-953 0
-954 0
-956 0
-957 0
-958 0
-959 0
