134 0
-131 0
-132 0
-133 0
-135 0
-136 0
-137 0
-138 0
-139 0
146 0
-141 0
-142 0
-143 0
-144 0
-145 0
-147 0
-148 0
-149 0
179 0
-171 0
-172 0
-173 0
-174 0
-175 0
-176 0
-177 0
-178 0
182 0
-181 0
-183 0
-184 0
-185 0
-186 0
-187 0
-188 0
-189 0
197 0
-191 0
-192 0
-193 0
-194 0
-195 0
-196 0
-198 0
-199 0
296 0
-291 0
-292 0
-293 0
-294 0
-295 0
-297 0
-298 0
-299 0
342 0
-341 0
-343 0
-344 0
-345 0
-346 0
-347 0
-348 0
-349 0
359 0
-351 0
-352 0
-353 0
-354 0
-355 0
-356 0
-357 0
-358 0
361 0
-362 0
-363 0
-364 0
-365 0
-366 0
-367 0
-368 0
-369 0
431 0
-432 0
-433 0
-434 0
-435 0
-436 0
-437 0
-438 0
-439 0
447 0
-441 0
-442 0
-443 0
-444 0
-445 0
-446 0
-448 0
-449 0
472 0
-471 0
-473 0
-474 0
-475 0
-476 0
-477 0
-478 0
-479 0
493 0
-491 0
-492 0
-494 0
-495 0
-496 0
-497 0
-498 0
-499 0
535 0
-531 0
-532 0
-533 0
-534 0
-536 0
-537 0
-538 0
-539 0
577 0
-571 0
-572 0
-573 0
-574 0
-575 0
-576 0
-578 0
-579 0
613 0
-611 0
-612 0
-614 0
-615 0
-616 0
-617 0
-618 0
-619 0
638 0
-631 0
-632 0
-633 0
-634 0
-635 0
-636 0
-637 0
-639 0
666 0
-661 0
-662 0
-663 0
-664 0
-665 0
-667 0
-668 0
-669 0
675 0
-671 0
-672 0
-673 0
-674 0
-676 0
-677 0
-678 0
-679 0
719 0
-711 0
-712 0
-713 0
-714 0
-715 0
-716 0
-717 0
-718 0
743 0
-741 0
-742 0
-744 0
-745 0
-746 0
-747 0
-748 0
-749 0
757 0
-751 0
-752 0
-753 0
-754 0
-755 0
-756 0
-758 0
-759 0
765 0
-761 0
-762 0
-763 0
-764 0
-766 0
-767 0
-768 0
-769 0
811 0
-812 0
-813 0
-814 0
-815 0
-816 0
-817 0
-818 0
-819 0
917 0
-911 0
-912 0
-913 0
-914 0
-915 0
-916 0
-918 0
-919 0
928 0
-921 0
-922 0
-923 0
-924 0
-925 0
-926 0
-927 0
-929 0
962 0
-961 0
-963 0
-964 0
-965 0
-966 0
-967 0
-968 0
-969 0
974 0
-971 0
-972 0
-973 0
-975 0
-976 0
-977 0
-978 0
-979 0
