142 0
-141 0
-143 0
-144 0
-145 0
-146 0
-147 0
-148 0
-149 0
153 0
-151 0
-152 0
-154 0
-155 0
-156 0
-157 0
-158 0
-159 0
238 0
-231 0
-232 0
-233 0
-234 0
-235 0
-236 0
-237 0
-239 0
254 0
-251 0
-252 0
-253 0
-255 0
-256 0
-257 0
-258 0
-259 0
271 0
-272 0
-273 0
-274 0
-275 0
-276 0
-277 0
-278 0
-279 0
323 0
-321 0
-322 0
-324 0
-325 0
-326 0
-327 0
-328 0
-329 0
334 0
-331 0
-332 0
-333 0
-335 0
-336 0
-337 0
-338 0
-339 0
341 0
-342 0
-343 0
-344 0
-345 0
-346 0
-347 0
-348 0
-349 0
372 0
-371 0
-373 0
-374 0
-375 0
-376 0
-377 0
-378 0
-379 0
389 0
-381 0
-382 0
-383 0
-384 0
-385 0
-386 0
-387 0
-388 0
464 0
-461 0
-462 0
-463 0
-465 0
-466 0
-467 0
-468 0
-469 0
524 0
-521 0
-522 0
-523 0
-525 0
-526 0
-527 0
-528 0
-529 0
588 0
-581 0
-582 0
-583 0
-584 0
-585 0
-586 0
-587 0
-589 0
618 0
-611 0
-612 0
-613 0
-614 0
-615 0
-616 0
-617 0
-619 0
639 0
-631 0
-632 0
-633 0
-634 0
-635 0
-636 0
-637 0
-638 0
645 0
-641 0
-642 0
-643 0
-644 0
-646 0
-647 0
-648 0
-649 0
676 0
-671 0
-672 0
-673 0
-674 0
-675 0
-677 0
-678 0
-679 0
697 0
-691 0
-692 0
-693 0
-694 0
-695 0
-696 0
-698 0
-699 0
729 0
-721 0
-722 0
-723 0
-724 0
-725 0
-726 0
-727 0
-728 0
737 0
-731 0
-732 0
-733 0
-734 0
-735 0
-736 0
-738 0
-739 0
761 0
-762 0
-763 0
-764 0
-765 0
-766 0
-767 0
-768 0
-769 0
773 0
-771 0
-772 0
-774 0
-775 0
-776 0
-777 0
-778 0
-779 0
785 0
-781 0
-782 0
-783 0
-784 0
-786 0
-787 0
-788 0
-789 0
831 0
-832 0
-833 0
-834 0
-835 0
-836 0
-837 0
-838 0
-839 0
856 0
-851 0
-852 0
-853 0
-854 0
-855 0
-857 0
-858 0
-859 0
877 0
-871 0
-872 0
-873 0
-874 0
-875 0
-876 0
-878 0
-879 0
955 0
-951 0
-952 0
-953 0
-954 0
-956 0
-957 0
-958 0
-959 0
967 0
-961 0
-962 0
-963 0
-964 0
-965 0
-966 0
-968 0
-969 0
