119 0
-111 0
-112 0
-113 0
-114 0
-115 0
-116 0
-117 0
-118 0
191 0
-192 0
-193 0
-194 0
-195 0
-196 0
-197 0
-198 0
-199 0
223 0
-221 0
-222 0
-224 0
-225 0
-226 0
-227 0
-228 0
-229 0
257 0
-251 0
-252 0
-253 0
-254 0
-255 0
-256 0
-258 0
-259 0
275 0
-271 0
-272 0
-273 0
-274 0
-276 0
-277 0
-278 0
-279 0
336 0
-331 0
-332 0
-333 0
-334 0
-335 0
-337 0
-338 0
-339 0
345 0
-341 0
-342 0
-343 0
-344 0
-346 0
-347 0
-348 0
-349 0
414 0
-411 0
-412 0
-413 0
-415 0
-416 0
-417 0
-418 0
-419 0
442 0
-441 0
-443 0
-444 0
-445 0
-446 0
-447 0
-448 0
-449 0
466 0
-461 0
-462 0
-463 0
-464 0
-465 0
-467 0
-468 0
-469 0
497 0
-491 0
-492 0
-493 0
-494 0
-495 0
-496 0
-498 0
-499 0
521 0
-522 0
-523 0
-524 0
-525 0
-526 0
-527 0
-528 0
-529 0
558 0
-551 0
-552 0
-553 0
-554 0
-555 0
-556 0
-557 0
-559 0
583 0
-581 0
-582 0
-584 0
-585 0
-586 0
-587 0
-588 0
-589 0
622 0
-621 0
-623 0
-624 0
-625 0
-626 0
-627 0
-628 0
-629 0
637 0
-631 0
-632 0
-633 0
-634 0
-635 0
-636 0
-638 0
-639 0
644 0
-641 0
-642 0
-643 0
-645 0
-646 0
-647 0
-648 0
-649 0
663 0
-661 0
-662 0
-664 0
-665 0
-666 0
-667 0
-668 0
-669 0
671 0
-672 0
-673 0
-674 0
-675 0
-676 0
-677 0
-678 0
-679 0
686 0
-681 0
-682 0
-683 0
-684 0
-685 0
-687 0
-688 0
-689 0
727 0
-721 0
-722 0
-723 0
-724 0
-725 0
-726 0
-728 0
-729 0
743 0
-741 0
-742 0
-744 0
-745 0
-746 0
-747 0
-748 0
-749 0
772 0
-771 0
-773 0
-774 0
-775 0
-776 0
-777 0
-778 0
-779 0
855 0
-851 0
-852 0
-853 0
-854 0
-856 0
-857 0
-858 0
-859 0
884 0
-881 0
-882 0
-883 0
-885 0
-886 0
-887 0
-888 0
-889 0
913 0
-911 0
-912 0
-914 0
-915 0
-916 0
-917 0
-918 0
-919 0
998 0
-991 0
-992 0
-993 0
-994 0
-995 0
-996 0
-997 0
-999 0
