132 0
-131 0
-133 0
-134 0
-135 0
-136 0
-137 0
-138 0
-139 0
141 0
-142 0
-143 0
-144 0
-145 0
-146 0
-147 0
-148 0
-149 0
166 0
-161 0
-162 0
-163 0
-164 0
-165 0
-167 0
-168 0
-169 0
174 0
-171 0
-172 0
-173 0
-175 0
-176 0
-177 0
-178 0
-179 0
189 0
-181 0
-182 0
-183 0
-184 0
-185 0
-186 0
-187 0
-188 0
226 0
-221 0
-222 0
-223 0
-224 0
-225 0
-227 0
-228 0
-229 0
271 0
-272 0
-273 0
-274 0
-275 0
-276 0
-277 0
-278 0
-279 0
334 0
-331 0
-332 0
-333 0
-335 0
-336 0
-337 0
-338 0
-339 0
369 0
-361 0
-362 0
-363 0
-364 0
-365 0
-366 0
-367 0
-368 0
392 0
-391 0
-393 0
-394 0
-395 0
-396 0
-397 0
-398 0
-399 0
429 0
-421 0
-422 0
-423 0
-424 0
-425 0
-426 0
-427 0
-428 0
444 0
-441 0
-442 0
-443 0
-445 0
-446 0
-447 0
-448 0
-449 0
467 0
-461 0
-462 0
-463 0
-464 0
-465 0
-466 0
-468 0
-469 0
488 0
-481 0
-482 0
-483 0
-484 0
-485 0
-486 0
-487 0
-489 0
558 0
-551 0
-552 0
-553 0
-554 0
-555 0
-556 0
-557 0
-559 0
611 0
-612 0
-613 0
-614 0
-615 0
-616 0
-617 0
-618 0
-619 0
643 0
-641 0
-642 0
-644 0
-645 0
-646 0
-647 0
-648 0
-649 0
665 0
-661 0
-662 0
-663 0
-664 0
-666 0
-667 0
-668 0
-669 0
699 0
-691 0
-692 0
-693 0
-694 0
-695 0
-696 0
-697 0
-698 0
714 0
-711 0
-712 0
-713 0
-715 0
-716 0
-717 0
-718 0
-719 0
747 0
-741 0
-742 0
-743 0
-744 0
-745 0
-746 0
-748 0
-749 0
775 0
-771 0
-772 0
-773 0
-774 0
-776 0
-777 0
-778 0
-779 0
839 0
-831 0
-832 0
-833 0
-834 0
-835 0
-836 0
-837 0
-838 0
881 0
-882 0
-883 0
-884 0
-885 0
-886 0
-887 0
-888 0
-889 0
928 0
-921 0
-922 0
-923 0
-924 0
-925 0
-926 0
-927 0
-929 0
937 0
-931 0
-932 0
-933 0
-934 0
-935 0
-936 0
-938 0
-939 0
946 0
-941 0
-942 0
-943 0
-944 0
-945 0
-947 0
-948 0
-949 0
961 0
-962 0
-963 0
-964 0
-965 0
-966 0
-967 0
-968 0
-969 0
979 0
-971 0
-972 0
-973 0
-974 0
-975 0
-976 0
-977 0
-978 0
