147 0
-141 0
-142 0
-143 0
-144 0
-145 0
-146 0
-148 0
-149 0
168 0
-161 0
-162 0
-163 0
-164 0
-165 0
-166 0
-167 0
-169 0
228 0
-221 0
-222 0
-223 0
-224 0
-225 0
-226 0
-227 0
-229 0
245 0
-241 0
-242 0
-243 0
-244 0
-246 0
-247 0
-248 0
-249 0
261 0
-262 0
-263 0
-264 0
-265 0
-266 0
-267 0
-268 0
-269 0
286 0
-281 0
-282 0
-283 0
-284 0
-285 0
-287 0
-288 0
-289 0
315 0
-311 0
-312 0
-313 0
-314 0
-316 0
-317 0
-318 0
-319 0
324 0
-321 0
-322 0
-323 0
-325 0
-326 0
-327 0
-328 0
-329 0
387 0
-381 0
-382 0
-383 0
-384 0
-385 0
-386 0
-388 0
-389 0
398 0
-391 0
-392 0
-393 0
-394 0
-395 0
-396 0
-397 0
-399 0
413 0
-411 0
-412 0
-414 0
-415 0
-416 0
-417 0
-418 0
-419 0
425 0
-421 0
-422 0
-423 0
-424 0
-426 0
-427 0
-428 0
-429 0
444 0
-441 0
-442 0
-443 0
-445 0
-446 0
-447 0
-448 0
-449 0
459 0
-451 0
-452 0
-453 0
-454 0
-455 0
-456 0
-457 0
-458 0
482 0
-481 0
-483 0
-484 0
-485 0
-486 0
-487 0
-488 0
-489 0
497 0
-491 0
-492 0
-493 0
-494 0
-495 0
-496 0
-498 0
-499 0
612 0
-611 0
-613 0
-614 0
-615 0
-616 0
-617 0
-618 0
-619 0
629 0
-621 0
-622 0
-623 0
-624 0
-625 0
-626 0
-627 0
-628 0
658 0
-651 0
-652 0
-653 0
-654 0
-655 0
-656 0
-657 0
-659 0
667 0
-661 0
-662 0
-663 0
-664 0
-665 0
-666 0
-668 0
-669 0
685 0
-681 0
-682 0
-683 0
-684 0
-686 0
-687 0
-688 0
-689 0
696 0
-691 0
-692 0
-693 0
-694 0
-695 0
-697 0
-698 0
-699 0
714 0
-711 0
-712 0
-713 0
-715 0
-716 0
-717 0
-718 0
-719 0
727 0
-721 0
-722 0
-723 0
-724 0
-725 0
-726 0
-728 0
-729 0
789 0
-781 0
-782 0
-783 0
-784 0
-785 0
-786 0
-787 0
-788 0
795 0
-791 0
-792 0
-793 0
-794 0
-796 0
-797 0
-798 0
-799 0
822 0
-821 0
-823 0
-824 0
-825 0
-826 0
-827 0
-828 0
-829 0
849 0
-841 0
-842 0
-843 0
-844 0
-845 0
-846 0
-847 0
-848 0
864 0
-861 0
-862 0
-863 0
-865 0
-866 0
-867 0
-868 0
-869 0
883 0
-881 0
-882 0
-884 0
-885 0
-886 0
-887 0
-888 0
-889 0
946 0
-941 0
-942 0
-943 0
-944 0
-945 0
-947 0
-948 0
-949 0
965 0
-961 0
-962 0
-963 0
-964 0
-966 0
-967 0
-968 0
-969 0
