139 0
-131 0
-132 0
-133 0
-134 0
-135 0
-136 0
-137 0
-138 0
177 0
-171 0
-172 0
-173 0
-174 0
-175 0
-176 0
-178 0
-179 0
217 0
-211 0
-212 0
-213 0
-214 0
-215 0
-216 0
-218 0
-219 0
244 0
-241 0
-242 0
-243 0
-245 0
-246 0
-247 0
-248 0
-249 0
259 0
-251 0
-252 0
-253 0
-254 0
-255 0
-256 0
-257 0
-258 0
261 0
-262 0
-263 0
-264 0
-265 0
-266 0
-267 0
-268 0
-269 0
296 0
-291 0
-292 0
-293 0
-294 0
-295 0
-297 0
-298 0
-299 0
315 0
-311 0
-312 0
-313 0
-314 0
-316 0
-317 0
-318 0
-319 0
353 0
-351 0
-352 0
-354 0
-355 0
-356 0
-357 0
-358 0
-359 0
391 0
-392 0
-393 0
-394 0
-395 0
-396 0
-397 0
-398 0
-399 0
426 0
-421 0
-422 0
-423 0
-424 0
-425 0
-427 0
-428 0
-429 0
447 0
-441 0
-442 0
-443 0
-444 0
-445 0
-446 0
-448 0
-449 0
481 0
-482 0
-483 0
-484 0
-485 0
-486 0
-487 0
-488 0
-489 0
527 0
-521 0
-522 0
-523 0
-524 0
-525 0
-526 0
-528 0
-529 0
533 0
-531 0
-532 0
-534 0
-535 0
-536 0
-537 0
-538 0
-539 0
579 0
-571 0
-572 0
-573 0
-574 0
-575 0
-576 0
-577 0
-578 0
584 0
-581 0
-582 0
-583 0
-585 0
-586 0
-587 0
-588 0
-589 0
625 0
-621 0
-622 0
-623 0
-624 0
-626 0
-627 0
-628 0
-629 0
663 0
-661 0
-662 0
-664 0
-665 0
-666 0
-667 0
-668 0
-669 0
687 0
-681 0
-682 0
-683 0
-684 0
-685 0
-686 0
-688 0
-689 0
714 0
-711 0
-712 0
-713 0
-715 0
-716 0
-717 0
-718 0
-719 0
758 0
-751 0
-752 0
-753 0
-754 0
-755 0
-756 0
-757 0
-759 0
799 0
-791 0
-792 0
-793 0
-794 0
-795 0
-796 0
-797 0
-798 0
816 0
-811 0
-812 0
-813 0
-814 0
-815 0
-817 0
-818 0
-819 0
849 0
-841 0
-842 0
-843 0
-844 0
-845 0
-846 0
-847 0
-848 0
851 0
-852 0
-853 0
-854 0
-855 0
-856 0
-857 0
-858 0
-859 0
862 0
-861 0
-863 0
-864 0
-865 0
-866 0
-867 0
-868 0
-869 0
897 0
-891 0
-892 0
-893 0
-894 0
-895 0
-896 0
-898 0
-899 0
932 0
-931 0
-933 0
-934 0
-935 0
-936 0
-937 0
-938 0
-939 0
971 0
-972 0
-973 0
-974 0
-975 0
-976 0
-977 0
-978 0
-979 0
139 0
-131 0
-132 0
-133 0
-134 0
-135 0
-136 0
-137 0
-138 0
177 0
-171 0
-172 0
-173 0
-174 0
-175 0
-176 0
-178 0
-179 0
217 0
-211 0
-212 0
-213 0
-214 0
-215 0
-216 0
-218 0
-219 0
244 0
-241 0
-242 0
-243 0
-245 0
-246 0
-247 0
-248 0
-249 0
259 0
-251 0
-252 0
-253 0
-254 0
-255 0
-256 0
-257 0
-258 0
261 0
-262 0
-263 0
-264 0
-265 0
-266 0
-267 0
-268 0
-269 0
296 0
-291 0
-292 0
-293 0
-294 0
-295 0
-297 0
-298 0
-299 0
315 0
-311 0
-312 0
-313 0
-314 0
-316 0
-317 0
-318 0
-319 0
353 0
-351 0
-352 0
-354 0
-355 0
-356 0
-357 0
-358 0
-359 0
391 0
-392 0
-393 0
-394 0
-395 0
-396 0
-397 0
-398 0
-399 0
426 0
-421 0
-422 0
-423 0
-424 0
-425 0
-427 0
-428 0
-429 0
447 0
-441 0
-442 0
-443 0
-444 0
-445 0
-446 0
-448 0
-449 0
481 0
-482 0
-483 0
-484 0
-485 0
-486 0
-487 0
-488 0
-489 0
527 0
-521 0
-522 0
-523 0
-524 0
-525 0
-526 0
-528 0
-529 0
533 0
-531 0
-532 0
-534 0
-535 0
-536 0
-537 0
-538 0
-539 0
579 0
-571 0
-572 0
-573 0
-574 0
-575 0
-576 0
-577 0
-578 0
584 0
-581 0
-582 0
-583 0
-585 0
-586 0
-587 0
-588 0
-589 0
625 0
-621 0
-622 0
-623 0
-624 0
-626 0
-627 0
-628 0
-629 0
663 0
-661 0
-662 0
-664 0
-665 0
-666 0
-667 0
-668 0
-669 0
687 0
-681 0
-682 0
-683 0
-684 0
-685 0
-686 0
-688 0
-689 0
714 0
-711 0
-712 0
-713 0
-715 0
-716 0
-717 0
-718 0
-719 0
758 0
-751 0
-752 0
-753 0
-754 0
-755 0
-756 0
-757 0
-759 0
799 0
-791 0
-792 0
-793 0
-794 0
-795 0
-796 0
-797 0
-798 0
816 0
-811 0
-812 0
-813 0
-814 0
-815 0
-817 0
-818 0
-819 0
849 0
-841 0
-842 0
-843 0
-844 0
-845 0
-846 0
-847 0
-848 0
851 0
-852 0
-853 0
-854 0
-855 0
-856 0
-857 0
-858 0
-859 0
862 0
-861 0
-863 0
-864 0
-865 0
-866 0
-867 0
-868 0
-869 0
897 0
-891 0
-892 0
-893 0
-894 0
-895 0
-896 0
-898 0
-899 0
932 0
-931 0
-933 0
-934 0
-935 0
-936 0
-937 0
-938 0
-939 0
971 0
-972 0
-973 0
-974 0
-975 0
-976 0
-977 0
-978 0
-979 0
