224 0
-221 0
-222 0
-223 0
-225 0
-226 0
-227 0
-228 0
-229 0
232 0
-231 0
-233 0
-234 0
-235 0
-236 0
-237 0
-238 0
-239 0
245 0
-241 0
-242 0
-243 0
-244 0
-246 0
-247 0
-248 0
-249 0
276 0
-271 0
-272 0
-273 0
-274 0
-275 0
-277 0
-278 0
-279 0
289 0
-281 0
-282 0
-283 0
-284 0
-285 0
-286 0
-287 0
-288 0
315 0
-311 0
-312 0
-313 0
-314 0
-316 0
-317 0
-318 0
-319 0
323 0
-321 0
-322 0
-324 0
-325 0
-326 0
-327 0
-328 0
-329 0
339 0
-331 0
-332 0
-333 0
-334 0
-335 0
-336 0
-337 0
-338 0
377 0
-371 0
-372 0
-373 0
-374 0
-375 0
-376 0
-378 0
-379 0
384 0
-381 0
-382 0
-383 0
-385 0
-386 0
-387 0
-388 0
-389 0
392 0
-391 0
-393 0
-394 0
-395 0
-396 0
-397 0
-398 0
-399 0
433 0
-431 0
-432 0
-434 0
-435 0
-436 0
-437 0
-438 0
-439 0
441 0
-442 0
-443 0
-444 0
-445 0
-446 0
-447 0
-448 0
-449 0
464 0
-461 0
-462 0
-463 0
-465 0
-466 0
-467 0
-468 0
-469 0
487 0
-481 0
-482 0
-483 0
-484 0
-485 0
-486 0
-488 0
-489 0
621 0
-622 0
-623 0
-624 0
-625 0
-626 0
-627 0
-628 0
-629 0
649 0
-641 0
-642 0
-643 0
-644 0
-645 0
-646 0
-647 0
-648 0
663 0
-661 0
-662 0
-664 0
-665 0
-666 0
-667 0
-668 0
-669 0
678 0
-671 0
-672 0
-673 0
-674 0
-675 0
-676 0
-677 0
-679 0
716 0
-711 0
-712 0
-713 0
-714 0
-715 0
-717 0
-718 0
-719 0
729 0
-721 0
-722 0
-723 0
-724 0
-725 0
-726 0
-727 0
-728 0
734 0
-731 0
-732 0
-733 0
-735 0
-736 0
-737 0
-738 0
-739 0
771 0
-772 0
-773 0
-774 0
-775 0
-776 0
-777 0
-778 0
-779 0
785 0
-781 0
-782 0
-783 0
-784 0
-786 0
-787 0
-788 0
-789 0
797 0
-791 0
-792 0
-793 0
-794 0
-795 0
-796 0
-798 0
-799 0
827 0
-821 0
-822 0
-823 0
-824 0
-825 0
-826 0
-828 0
-829 0
831 0
-832 0
-833 0
-834 0
-835 0
-836 0
-837 0
-838 0
-839 0
866 0
-861 0
-862 0
-863 0
-864 0
-865 0
-867 0
-868 0
-869 0
879 0
-871 0
-872 0
-873 0
-874 0
-875 0
-876 0
-877 0
-878 0
882 0
-881 0
-883 0
-884 0
-885 0
-886 0
-887 0
-888 0
-889 0
224 0
-221 0
-222 0
-223 0
-225 0
-226 0
-227 0
-228 0
-229 0
232 0
-231 0
-233 0
-234 0
-235 0
-236 0
-237 0
-238 0
-239 0
245 0
-241 0
-242 0
-243 0
-244 0
-246 0
-247 0
-248 0
-249 0
276 0
-271 0
-272 0
-273 0
-274 0
-275 0
-277 0
-278 0
-279 0
289 0
-281 0
-282 0
-283 0
-284 0
-285 0
-286 0
-287 0
-288 0
315 0
-311 0
-312 0
-313 0
-314 0
-316 0
-317 0
-318 0
-319 0
323 0
-321 0
-322 0
-324 0
-325 0
-326 0
-327 0
-328 0
-329 0
339 0
-331 0
-332 0
-333 0
-334 0
-335 0
-336 0
-337 0
-338 0
377 0
-371 0
-372 0
-373 0
-374 0
-375 0
-376 0
-378 0
-379 0
384 0
-381 0
-382 0
-383 0
-385 0
-386 0
-387 0
-388 0
-389 0
392 0
-391 0
-393 0
-394 0
-395 0
-396 0
-397 0
-398 0
-399 0
433 0
-431 0
-432 0
-434 0
-435 0
-436 0
-437 0
-438 0
-439 0
441 0
-442 0
-443 0
-444 0
-445 0
-446 0
-447 0
-448 0
-449 0
464 0
-461 0
-462 0
-463 0
-465 0
-466 0
-467 0
-468 0
-469 0
487 0
-481 0
-482 0
-483 0
-484 0
-485 0
-486 0
-488 0
-489 0
621 0
-622 0
-623 0
-624 0
-625 0
-626 0
-627 0
-628 0
-629 0
649 0
-641 0
-642 0
-643 0
-644 0
-645 0
-646 0
-647 0
-648 0
663 0
-661 0
-662 0
-664 0
-665 0
-666 0
-667 0
-668 0
-669 0
678 0
-671 0
-672 0
-673 0
-674 0
-675 0
-676 0
-677 0
-679 0
716 0
-711 0
-712 0
-713 0
-714 0
-715 0
-717 0
-718 0
-719 0
729 0
-721 0
-722 0
-723 0
-724 0
-725 0
-726 0
-727 0
-728 0
734 0
-731 0
-732 0
-733 0
-735 0
-736 0
-737 0
-738 0
-739 0
771 0
-772 0
-773 0
-774 0
-775 0
-776 0
-777 0
-778 0
-779 0
785 0
-781 0
-782 0
-783 0
-784 0
-786 0
-787 0
-788 0
-789 0
797 0
-791 0
-792 0
-793 0
-794 0
-795 0
-796 0
-798 0
-799 0
827 0
-821 0
-822 0
-823 0
-824 0
-825 0
-826 0
-828 0
-829 0
831 0
-832 0
-833 0
-834 0
-835 0
-836 0
-837 0
-838 0
-839 0
866 0
-861 0
-862 0
-863 0
-864 0
-865 0
-867 0
-868 0
-869 0
879 0
-871 0
-872 0
-873 0
-874 0
-875 0
-876 0
-877 0
-878 0
882 0
-881 0
-883 0
-884 0
-885 0
-886 0
-887 0
-888 0
-889 0
