149 0
-141 0
-142 0
-143 0
-144 0
-145 0
-146 0
-147 0
-148 0
163 0
-161 0
-162 0
-164 0
-165 0
-166 0
-167 0
-168 0
-169 0
172 0
-171 0
-173 0
-174 0
-175 0
-176 0
-177 0
-178 0
-179 0
286 0
-281 0
-282 0
-283 0
-284 0
-285 0
-287 0
-288 0
-289 0
297 0
-291 0
-292 0
-293 0
-294 0
-295 0
-296 0
-298 0
-299 0
312 0
-311 0
-313 0
-314 0
-315 0
-316 0
-317 0
-318 0
-319 0
321 0
-322 0
-323 0
-324 0
-325 0
-326 0
-327 0
-328 0
-329 0
357 0
-351 0
-352 0
-353 0
-354 0
-355 0
-356 0
-358 0
-359 0
378 0
-371 0
-372 0
-373 0
-374 0
-375 0
-376 0
-377 0
-379 0
425 0
-421 0
-422 0
-423 0
-424 0
-426 0
-427 0
-428 0
-429 0
458 0
-451 0
-452 0
-453 0
-454 0
-455 0
-456 0
-457 0
-459 0
474 0
-471 0
-472 0
-473 0
-475 0
-476 0
-477 0
-478 0
-479 0
518 0
-511 0
-512 0
-513 0
-514 0
-515 0
-516 0
-517 0
-519 0
542 0
-541 0
-543 0
-544 0
-545 0
-546 0
-547 0
-548 0
-549 0
569 0
-561 0
-562 0
-563 0
-564 0
-565 0
-566 0
-567 0
-568 0
595 0
-591 0
-592 0
-593 0
-594 0
-596 0
-597 0
-598 0
-599 0
637 0
-631 0
-632 0
-633 0
-634 0
-635 0
-636 0
-638 0
-639 0
656 0
-651 0
-652 0
-653 0
-654 0
-655 0
-657 0
-658 0
-659 0
688 0
-681 0
-682 0
-683 0
-684 0
-685 0
-686 0
-687 0
-689 0
738 0
-731 0
-732 0
-733 0
-734 0
-735 0
-736 0
-737 0
-739 0
753 0
-751 0
-752 0
-754 0
-755 0
-756 0
-757 0
-758 0
-759 0
815 0
-811 0
-812 0
-813 0
-814 0
-816 0
-817 0
-818 0
-819 0
826 0
-821 0
-822 0
-823 0
-824 0
-825 0
-827 0
-828 0
-829 0
873 0
-871 0
-872 0
-874 0
-875 0
-876 0
-877 0
-878 0
-879 0
932 0
-931 0
-933 0
-934 0
-935 0
-936 0
-937 0
-938 0
-939 0
946 0
-941 0
-942 0
-943 0
-944 0
-945 0
-947 0
-948 0
-949 0
965 0
-961 0
-962 0
-963 0
-964 0
-966 0
-967 0
-968 0
-969 0
977 0
-971 0
-972 0
-973 0
-974 0
-975 0
-976 0
-978 0
-979 0
149 0
-141 0
-142 0
-143 0
-144 0
-145 0
-146 0
-147 0
-148 0
163 0
-161 0
-162 0
-164 0
-165 0
-166 0
-167 0
-168 0
-169 0
172 0
-171 0
-173 0
-174 0
-175 0
-176 0
-177 0
-178 0
-179 0
286 0
-281 0
-282 0
-283 0
-284 0
-285 0
-287 0
-288 0
-289 0
297 0
-291 0
-292 0
-293 0
-294 0
-295 0
-296 0
-298 0
-299 0
312 0
-311 0
-313 0
-314 0
-315 0
-316 0
-317 0
-318 0
-319 0
321 0
-322 0
-323 0
-324 0
-325 0
-326 0
-327 0
-328 0
-329 0
357 0
-351 0
-352 0
-353 0
-354 0
-355 0
-356 0
-358 0
-359 0
378 0
-371 0
-372 0
-373 0
-374 0
-375 0
-376 0
-377 0
-379 0
425 0
-421 0
-422 0
-423 0
-424 0
-426 0
-427 0
-428 0
-429 0
458 0
-451 0
-452 0
-453 0
-454 0
-455 0
-456 0
-457 0
-459 0
474 0
-471 0
-472 0
-473 0
-475 0
-476 0
-477 0
-478 0
-479 0
518 0
-511 0
-512 0
-513 0
-514 0
-515 0
-516 0
-517 0
-519 0
542 0
-541 0
-543 0
-544 0
-545 0
-546 0
-547 0
-548 0
-549 0
569 0
-561 0
-562 0
-563 0
-564 0
-565 0
-566 0
-567 0
-568 0
595 0
-591 0
-592 0
-593 0
-594 0
-596 0
-597 0
-598 0
-599 0
637 0
-631 0
-632 0
-633 0
-634 0
-635 0
-636 0
-638 0
-639 0
656 0
-651 0
-652 0
-653 0
-654 0
-655 0
-657 0
-658 0
-659 0
688 0
-681 0
-682 0
-683 0
-684 0
-685 0
-686 0
-687 0
-689 0
738 0
-731 0
-732 0
-733 0
-734 0
-735 0
-736 0
-737 0
-739 0
753 0
-751 0
-752 0
-754 0
-755 0
-756 0
-757 0
-758 0
-759 0
815 0
-811 0
-812 0
-813 0
-814 0
-816 0
-817 0
-818 0
-819 0
826 0
-821 0
-822 0
-823 0
-824 0
-825 0
-827 0
-828 0
-829 0
873 0
-871 0
-872 0
-874 0
-875 0
-876 0
-877 0
-878 0
-879 0
932 0
-931 0
-933 0
-934 0
-935 0
-936 0
-937 0
-938 0
-939 0
946 0
-941 0
-942 0
-943 0
-944 0
-945 0
-947 0
-948 0
-949 0
965 0
-961 0
-962 0
-963 0
-964 0
-966 0
-967 0
-968 0
-969 0
977 0
-971 0
-972 0
-973 0
-974 0
-975 0
-976 0
-978 0
-979 0
