117 0
-111 0
-112 0
-113 0
-114 0
-115 0
-116 0
-118 0
-119 0
156 0
-151 0
-152 0
-153 0
-154 0
-155 0
-157 0
-158 0
-159 0
192 0
-191 0
-193 0
-194 0
-195 0
-196 0
-197 0
-198 0
-199 0
223 0
-221 0
-222 0
-224 0
-225 0
-226 0
-227 0
-228 0
-229 0
258 0
-251 0
-252 0
-253 0
-254 0
-255 0
-256 0
-257 0
-259 0
281 0
-282 0
-283 0
-284 0
-285 0
-286 0
-287 0
-288 0
-289 0
328 0
-321 0
-322 0
-323 0
-324 0
-325 0
-326 0
-327 0
-329 0
339 0
-331 0
-332 0
-333 0
-334 0
-335 0
-336 0
-337 0
-338 0
365 0
-361 0
-362 0
-363 0
-364 0
-366 0
-367 0
-368 0
-369 0
377 0
-371 0
-372 0
-373 0
-374 0
-375 0
-376 0
-378 0
-379 0
384 0
-381 0
-382 0
-383 0
-385 0
-386 0
-387 0
-388 0
-389 0
461 0
-462 0
-463 0
-464 0
-465 0
-466 0
-467 0
-468 0
-469 0
515 0
-511 0
-512 0
-513 0
-514 0
-516 0
-517 0
-518 0
-519 0
546 0
-541 0
-542 0
-543 0
-544 0
-545 0
-547 0
-548 0
-549 0
568 0
-561 0
-562 0
-563 0
-564 0
-565 0
-566 0
-567 0
-569 0
594 0
-591 0
-592 0
-593 0
-595 0
-596 0
-597 0
-598 0
-599 0
642 0
-641 0
-643 0
-644 0
-645 0
-646 0
-647 0
-648 0
-649 0
727 0
-721 0
-722 0
-723 0
-724 0
-725 0
-726 0
-728 0
-729 0
738 0
-731 0
-732 0
-733 0
-734 0
-735 0
-736 0
-737 0
-739 0
741 0
-742 0
-743 0
-744 0
-745 0
-746 0
-747 0
-748 0
-749 0
775 0
-771 0
-772 0
-773 0
-774 0
-776 0
-777 0
-778 0
-779 0
786 0
-781 0
-782 0
-783 0
-784 0
-785 0
-787 0
-788 0
-789 0
826 0
-821 0
-822 0
-823 0
-824 0
-825 0
-827 0
-828 0
-829 0
859 0
-851 0
-852 0
-853 0
-854 0
-855 0
-856 0
-857 0
-858 0
888 0
-881 0
-882 0
-883 0
-884 0
-885 0
-886 0
-887 0
-889 0
914 0
-911 0
-912 0
-913 0
-915 0
-916 0
-917 0
-918 0
-919 0
957 0
-951 0
-952 0
-953 0
-954 0
-955 0
-956 0
-958 0
-959 0
991 0
-992 0
-993 0
-994 0
-995 0
-996 0
-997 0
-998 0
-999 0
117 0
-111 0
-112 0
-113 0
-114 0
-115 0
-116 0
-118 0
-119 0
156 0
-151 0
-152 0
-153 0
-154 0
-155 0
-157 0
-158 0
-159 0
192 0
-191 0
-193 0
-194 0
-195 0
-196 0
-197 0
-198 0
-199 0
223 0
-221 0
-222 0
-224 0
-225 0
-226 0
-227 0
-228 0
-229 0
258 0
-251 0
-252 0
-253 0
-254 0
-255 0
-256 0
-257 0
-259 0
281 0
-282 0
-283 0
-284 0
-285 0
-286 0
-287 0
-288 0
-289 0
328 0
-321 0
-322 0
-323 0
-324 0
-325 0
-326 0
-327 0
-329 0
339 0
-331 0
-332 0
-333 0
-334 0
-335 0
-336 0
-337 0
-338 0
365 0
-361 0
-362 0
-363 0
-364 0
-366 0
-367 0
-368 0
-369 0
377 0
-371 0
-372 0
-373 0
-374 0
-375 0
-376 0
-378 0
-379 0
384 0
-381 0
-382 0
-383 0
-385 0
-386 0
-387 0
-388 0
-389 0
461 0
-462 0
-463 0
-464 0
-465 0
-466 0
-467 0
-468 0
-469 0
515 0
-511 0
-512 0
-513 0
-514 0
-516 0
-517 0
-518 0
-519 0
546 0
-541 0
-542 0
-543 0
-544 0
-545 0
-547 0
-548 0
-549 0
568 0
-561 0
-562 0
-563 0
-564 0
-565 0
-566 0
-567 0
-569 0
594 0
-591 0
-592 0
-593 0
-595 0
-596 0
-597 0
-598 0
-599 0
642 0
-641 0
-643 0
-644 0
-645 0
-646 0
-647 0
-648 0
-649 0
727 0
-721 0
-722 0
-723 0
-724 0
-725 0
-726 0
-728 0
-729 0
738 0
-731 0
-732 0
-733 0
-734 0
-735 0
-736 0
-737 0
-739 0
741 0
-742 0
-743 0
-744 0
-745 0
-746 0
-747 0
-748 0
-749 0
775 0
-771 0
-772 0
-773 0
-774 0
-776 0
-777 0
-778 0
-779 0
786 0
-781 0
-782 0
-783 0
-784 0
-785 0
-787 0
-788 0
-789 0
826 0
-821 0
-822 0
-823 0
-824 0
-825 0
-827 0
-828 0
-829 0
859 0
-851 0
-852 0
-853 0
-854 0
-855 0
-856 0
-857 0
-858 0
888 0
-881 0
-882 0
-883 0
-884 0
-885 0
-886 0
-887 0
-889 0
914 0
-911 0
-912 0
-913 0
-915 0
-916 0
-917 0
-918 0
-919 0
957 0
-951 0
-952 0
-953 0
-954 0
-955 0
-956 0
-958 0
-959 0
991 0
-992 0
-993 0
-994 0
-995 0
-996 0
-997 0
-998 0
-999 0
