112 0
-111 0
-113 0
-114 0
-115 0
-116 0
-117 0
-118 0
-119 0
149 0
-141 0
-142 0
-143 0
-144 0
-145 0
-146 0
-147 0
-148 0
196 0
-191 0
-192 0
-193 0
-194 0
-195 0
-197 0
-198 0
-199 0
215 0
-211 0
-212 0
-213 0
-214 0
-216 0
-217 0
-218 0
-219 0
224 0
-221 0
-222 0
-223 0
-225 0
-226 0
-227 0
-228 0
-229 0
268 0
-261 0
-262 0
-263 0
-264 0
-265 0
-266 0
-267 0
-269 0
287 0
-281 0
-282 0
-283 0
-284 0
-285 0
-286 0
-288 0
-289 0
291 0
-292 0
-293 0
-294 0
-295 0
-296 0
-297 0
-298 0
-299 0
341 0
-342 0
-343 0
-344 0
-345 0
-346 0
-347 0
-348 0
-349 0
362 0
-361 0
-363 0
-364 0
-365 0
-366 0
-367 0
-368 0
-369 0
426 0
-421 0
-422 0
-423 0
-424 0
-425 0
-427 0
-428 0
-429 0
478 0
-471 0
-472 0
-473 0
-474 0
-475 0
-476 0
-477 0
-479 0
492 0
-491 0
-493 0
-494 0
-495 0
-496 0
-497 0
-498 0
-499 0
522 0
-521 0
-523 0
-524 0
-525 0
-526 0
-527 0
-528 0
-529 0
535 0
-531 0
-532 0
-533 0
-534 0
-536 0
-537 0
-538 0
-539 0
571 0
-572 0
-573 0
-574 0
-575 0
-576 0
-577 0
-578 0
-579 0
586 0
-581 0
-582 0
-583 0
-584 0
-585 0
-587 0
-588 0
-589 0
611 0
-612 0
-613 0
-614 0
-615 0
-616 0
-617 0
-618 0
-619 0
633 0
-631 0
-632 0
-634 0
-635 0
-636 0
-637 0
-638 0
-639 0
684 0
-681 0
-682 0
-683 0
-685 0
-686 0
-687 0
-688 0
-689 0
746 0
-741 0
-742 0
-743 0
-744 0
-745 0
-747 0
-748 0
-749 0
767 0
-761 0
-762 0
-763 0
-764 0
-765 0
-766 0
-768 0
-769 0
817 0
-811 0
-812 0
-813 0
-814 0
-815 0
-816 0
-818 0
-819 0
823 0
-821 0
-822 0
-824 0
-825 0
-826 0
-827 0
-828 0
-829 0
848 0
-841 0
-842 0
-843 0
-844 0
-845 0
-846 0
-847 0
-849 0
882 0
-881 0
-883 0
-884 0
-885 0
-886 0
-887 0
-888 0
-889 0
895 0
-891 0
-892 0
-893 0
-894 0
-896 0
-897 0
-898 0
-899 0
916 0
-911 0
-912 0
-913 0
-914 0
-915 0
-917 0
-918 0
-919 0
961 0
-962 0
-963 0
-964 0
-965 0
-966 0
-967 0
-968 0
-969 0
998 0
-991 0
-992 0
-993 0
-994 0
-995 0
-996 0
-997 0
-999 0
112 0
-111 0
-113 0
-114 0
-115 0
-116 0
-117 0
-118 0
-119 0
149 0
-141 0
-142 0
-143 0
-144 0
-145 0
-146 0
-147 0
-148 0
196 0
-191 0
-192 0
-193 0
-194 0
-195 0
-197 0
-198 0
-199 0
215 0
-211 0
-212 0
-213 0
-214 0
-216 0
-217 0
-218 0
-219 0
224 0
-221 0
-222 0
-223 0
-225 0
-226 0
-227 0
-228 0
-229 0
268 0
-261 0
-262 0
-263 0
-264 0
-265 0
-266 0
-267 0
-269 0
287 0
-281 0
-282 0
-283 0
-284 0
-285 0
-286 0
-288 0
-289 0
291 0
-292 0
-293 0
-294 0
-295 0
-296 0
-297 0
-298 0
-299 0
341 0
-342 0
-343 0
-344 0
-345 0
-346 0
-347 0
-348 0
-349 0
362 0
-361 0
-363 0
-364 0
-365 0
-366 0
-367 0
-368 0
-369 0
426 0
-421 0
-422 0
-423 0
-424 0
-425 0
-427 0
-428 0
-429 0
478 0
-471 0
-472 0
-473 0
-474 0
-475 0
-476 0
-477 0
-479 0
492 0
-491 0
-493 0
-494 0
-495 0
-496 0
-497 0
-498 0
-499 0
522 0
-521 0
-523 0
-524 0
-525 0
-526 0
-527 0
-528 0
-529 0
535 0
-531 0
-532 0
-533 0
-534 0
-536 0
-537 0
-538 0
-539 0
571 0
-572 0
-573 0
-574 0
-575 0
-576 0
-577 0
-578 0
-579 0
586 0
-581 0
-582 0
-583 0
-584 0
-585 0
-587 0
-588 0
-589 0
611 0
-612 0
-613 0
-614 0
-615 0
-616 0
-617 0
-618 0
-619 0
633 0
-631 0
-632 0
-634 0
-635 0
-636 0
-637 0
-638 0
-639 0
684 0
-681 0
-682 0
-683 0
-685 0
-686 0
-687 0
-688 0
-689 0
746 0
-741 0
-742 0
-743 0
-744 0
-745 0
-747 0
-748 0
-749 0
767 0
-761 0
-762 0
-763 0
-764 0
-765 0
-766 0
-768 0
-769 0
817 0
-811 0
-812 0
-813 0
-814 0
-815 0
-816 0
-818 0
-819 0
823 0
-821 0
-822 0
-824 0
-825 0
-826 0
-827 0
-828 0
-829 0
848 0
-841 0
-842 0
-843 0
-844 0
-845 0
-846 0
-847 0
-849 0
882 0
-881 0
-883 0
-884 0
-885 0
-886 0
-887 0
-888 0
-889 0
895 0
-891 0
-892 0
-893 0
-894 0
-896 0
-897 0
-898 0
-899 0
916 0
-911 0
-912 0
-913 0
-914 0
-915 0
-917 0
-918 0
-919 0
961 0
-962 0
-963 0
-964 0
-965 0
-966 0
-967 0
-968 0
-969 0
998 0
-991 0
-992 0
-993 0
-994 0
-995 0
-996 0
-997 0
-999 0
