134 0
-131 0
-132 0
-133 0
-135 0
-136 0
-137 0
-138 0
-139 0
166 0
-161 0
-162 0
-163 0
-164 0
-165 0
-167 0
-168 0
-169 0
173 0
-171 0
-172 0
-174 0
-175 0
-176 0
-177 0
-178 0
-179 0
237 0
-231 0
-232 0
-233 0
-234 0
-235 0
-236 0
-238 0
-239 0
261 0
-262 0
-263 0
-264 0
-265 0
-266 0
-267 0
-268 0
-269 0
294 0
-291 0
-292 0
-293 0
-295 0
-296 0
-297 0
-298 0
-299 0
355 0
-351 0
-352 0
-353 0
-354 0
-356 0
-357 0
-358 0
-359 0
367 0
-361 0
-362 0
-363 0
-364 0
-365 0
-366 0
-368 0
-369 0
379 0
-371 0
-372 0
-373 0
-374 0
-375 0
-376 0
-377 0
-378 0
419 0
-411 0
-412 0
-413 0
-414 0
-415 0
-416 0
-417 0
-418 0
458 0
-451 0
-452 0
-453 0
-454 0
-455 0
-456 0
-457 0
-459 0
481 0
-482 0
-483 0
-484 0
-485 0
-486 0
-487 0
-488 0
-489 0
492 0
-491 0
-493 0
-494 0
-495 0
-496 0
-497 0
-498 0
-499 0
516 0
-511 0
-512 0
-513 0
-514 0
-515 0
-517 0
-518 0
-519 0
553 0
-551 0
-552 0
-554 0
-555 0
-556 0
-557 0
-558 0
-559 0
675 0
-671 0
-672 0
-673 0
-674 0
-676 0
-677 0
-678 0
-679 0
699 0
-691 0
-692 0
-693 0
-694 0
-695 0
-696 0
-697 0
-698 0
782 0
-781 0
-783 0
-784 0
-785 0
-786 0
-787 0
-788 0
-789 0
827 0
-821 0
-822 0
-823 0
-824 0
-825 0
-826 0
-828 0
-829 0
863 0
-861 0
-862 0
-864 0
-865 0
-866 0
-867 0
-868 0
-869 0
932 0
-931 0
-933 0
-934 0
-935 0
-936 0
-937 0
-938 0
-939 0
949 0
-941 0
-942 0
-943 0
-944 0
-945 0
-946 0
-947 0
-948 0
971 0
-972 0
-973 0
-974 0
-975 0
-976 0
-977 0
-978 0
-979 0
998 0
-991 0
-992 0
-993 0
-994 0
-995 0
-996 0
-997 0
-999 0
