141 0
-142 0
-143 0
-144 0
-145 0
-146 0
-147 0
-148 0
-149 0
164 0
-161 0
-162 0
-163 0
-165 0
-166 0
-167 0
-168 0
-169 0
217 0
-211 0
-212 0
-213 0
-214 0
-215 0
-216 0
-218 0
-219 0
246 0
-241 0
-242 0
-243 0
-244 0
-245 0
-247 0
-248 0
-249 0
262 0
-261 0
-263 0
-264 0
-265 0
-266 0
-267 0
-268 0
-269 0
291 0
-292 0
-293 0
-294 0
-295 0
-296 0
-297 0
-298 0
-299 0
321 0
-322 0
-323 0
-324 0
-325 0
-326 0
-327 0
-328 0
-329 0
355 0
-351 0
-352 0
-353 0
-354 0
-356 0
-357 0
-358 0
-359 0
386 0
-381 0
-382 0
-383 0
-384 0
-385 0
-387 0
-388 0
-389 0
414 0
-411 0
-412 0
-413 0
-415 0
-416 0
-417 0
-418 0
-419 0
425 0
-421 0
-422 0
-423 0
-424 0
-426 0
-427 0
-428 0
-429 0
459 0
-451 0
-452 0
-453 0
-454 0
-455 0
-456 0
-457 0
-458 0
483 0
-481 0
-482 0
-484 0
-485 0
-486 0
-487 0
-488 0
-489 0
492 0
-491 0
-493 0
-494 0
-495 0
-496 0
-497 0
-498 0
-499 0
538 0
-531 0
-532 0
-533 0
-534 0
-535 0
-536 0
-537 0
-539 0
543 0
-541 0
-542 0
-544 0
-545 0
-546 0
-547 0
-548 0
-549 0
566 0
-561 0
-562 0
-563 0
-564 0
-565 0
-567 0
-568 0
-569 0
575 0
-571 0
-572 0
-573 0
-574 0
-576 0
-577 0
-578 0
-579 0
612 0
-611 0
-613 0
-614 0
-615 0
-616 0
-617 0
-618 0
-619 0
623 0
-621 0
-622 0
-624 0
-625 0
-626 0
-627 0
-628 0
-629 0
651 0
-652 0
-653 0
-654 0
-655 0
-656 0
-657 0
-658 0
-659 0
688 0
-681 0
-682 0
-683 0
-684 0
-685 0
-686 0
-687 0
-689 0
697 0
-691 0
-692 0
-693 0
-694 0
-695 0
-696 0
-698 0
-699 0
728 0
-721 0
-722 0
-723 0
-724 0
-725 0
-726 0
-727 0
-729 0
757 0
-751 0
-752 0
-753 0
-754 0
-755 0
-756 0
-758 0
-759 0
784 0
-781 0
-782 0
-783 0
-785 0
-786 0
-787 0
-788 0
-789 0
815 0
-811 0
-812 0
-813 0
-814 0
-816 0
-817 0
-818 0
-819 0
849 0
-841 0
-842 0
-843 0
-844 0
-845 0
-846 0
-847 0
-848 0
868 0
-861 0
-862 0
-863 0
-864 0
-865 0
-866 0
-867 0
-869 0
896 0
-891 0
-892 0
-893 0
-894 0
-895 0
-897 0
-898 0
-899 0
942 0
-941 0
-943 0
-944 0
-945 0
-946 0
-947 0
-948 0
-949 0
963 0
-961 0
-962 0
-964 0
-965 0
-966 0
-967 0
-968 0
-969 0
