111 0
-112 0
-113 0
-114 0
-115 0
-116 0
-117 0
-118 0
-119 0
145 0
-141 0
-142 0
-143 0
-144 0
-146 0
-147 0
-148 0
-149 0
197 0
-191 0
-192 0
-193 0
-194 0
-195 0
-196 0
-198 0
-199 0
247 0
-241 0
-242 0
-243 0
-244 0
-245 0
-246 0
-248 0
-249 0
258 0
-251 0
-252 0
-253 0
-254 0
-255 0
-256 0
-257 0
-259 0
266 0
-261 0
-262 0
-263 0
-264 0
-265 0
-267 0
-268 0
-269 0
333 0
-331 0
-332 0
-334 0
-335 0
-336 0
-337 0
-338 0
-339 0
364 0
-361 0
-362 0
-363 0
-365 0
-366 0
-367 0
-368 0
-369 0
379 0
-371 0
-372 0
-373 0
-374 0
-375 0
-376 0
-377 0
-378 0
423 0
-421 0
-422 0
-424 0
-425 0
-426 0
-427 0
-428 0
-429 0
431 0
-432 0
-433 0
-434 0
-435 0
-436 0
-437 0
-438 0
-439 0
494 0
-491 0
-492 0
-493 0
-495 0
-496 0
-497 0
-498 0
-499 0
512 0
-511 0
-513 0
-514 0
-515 0
-516 0
-517 0
-518 0
-519 0
535 0
-531 0
-532 0
-533 0
-534 0
-536 0
-537 0
-538 0
-539 0
578 0
-571 0
-572 0
-573 0
-574 0
-575 0
-576 0
-577 0
-579 0
593 0
-591 0
-592 0
-594 0
-595 0
-596 0
-597 0
-598 0
-599 0
617 0
-611 0
-612 0
-613 0
-614 0
-615 0
-616 0
-618 0
-619 0
675 0
-671 0
-672 0
-673 0
-674 0
-676 0
-677 0
-678 0
-679 0
686 0
-681 0
-682 0
-683 0
-684 0
-685 0
-687 0
-688 0
-689 0
739 0
-731 0
-732 0
-733 0
-734 0
-735 0
-736 0
-737 0
-738 0
763 0
-761 0
-762 0
-764 0
-765 0
-766 0
-767 0
-768 0
-769 0
774 0
-771 0
-772 0
-773 0
-775 0
-776 0
-777 0
-778 0
-779 0
844 0
-841 0
-842 0
-843 0
-845 0
-846 0
-847 0
-848 0
-849 0
856 0
-851 0
-852 0
-853 0
-854 0
-855 0
-857 0
-858 0
-859 0
865 0
-861 0
-862 0
-863 0
-864 0
-866 0
-867 0
-868 0
-869 0
914 0
-911 0
-912 0
-913 0
-915 0
-916 0
-917 0
-918 0
-919 0
949 0
-941 0
-942 0
-943 0
-944 0
-945 0
-946 0
-947 0
-948 0
995 0
-991 0
-992 0
-993 0
-994 0
-996 0
-997 0
-998 0
-999 0
111 0
-112 0
-113 0
-114 0
-115 0
-116 0
-117 0
-118 0
-119 0
145 0
-141 0
-142 0
-143 0
-144 0
-146 0
-147 0
-148 0
-149 0
197 0
-191 0
-192 0
-193 0
-194 0
-195 0
-196 0
-198 0
-199 0
247 0
-241 0
-242 0
-243 0
-244 0
-245 0
-246 0
-248 0
-249 0
258 0
-251 0
-252 0
-253 0
-254 0
-255 0
-256 0
-257 0
-259 0
266 0
-261 0
-262 0
-263 0
-264 0
-265 0
-267 0
-268 0
-269 0
333 0
-331 0
-332 0
-334 0
-335 0
-336 0
-337 0
-338 0
-339 0
364 0
-361 0
-362 0
-363 0
-365 0
-366 0
-367 0
-368 0
-369 0
379 0
-371 0
-372 0
-373 0
-374 0
-375 0
-376 0
-377 0
-378 0
423 0
-421 0
-422 0
-424 0
-425 0
-426 0
-427 0
-428 0
-429 0
431 0
-432 0
-433 0
-434 0
-435 0
-436 0
-437 0
-438 0
-439 0
494 0
-491 0
-492 0
-493 0
-495 0
-496 0
-497 0
-498 0
-499 0
512 0
-511 0
-513 0
-514 0
-515 0
-516 0
-517 0
-518 0
-519 0
535 0
-531 0
-532 0
-533 0
-534 0
-536 0
-537 0
-538 0
-539 0
578 0
-571 0
-572 0
-573 0
-574 0
-575 0
-576 0
-577 0
-579 0
593 0
-591 0
-592 0
-594 0
-595 0
-596 0
-597 0
-598 0
-599 0
617 0
-611 0
-612 0
-613 0
-614 0
-615 0
-616 0
-618 0
-619 0
675 0
-671 0
-672 0
-673 0
-674 0
-676 0
-677 0
-678 0
-679 0
686 0
-681 0
-682 0
-683 0
-684 0
-685 0
-687 0
-688 0
-689 0
739 0
-731 0
-732 0
-733 0
-734 0
-735 0
-736 0
-737 0
-738 0
763 0
-761 0
-762 0
-764 0
-765 0
-766 0
-767 0
-768 0
-769 0
774 0
-771 0
-772 0
-773 0
-775 0
-776 0
-777 0
-778 0
-779 0
844 0
-841 0
-842 0
-843 0
-845 0
-846 0
-847 0
-848 0
-849 0
856 0
-851 0
-852 0
-853 0
-854 0
-855 0
-857 0
-858 0
-859 0
865 0
-861 0
-862 0
-863 0
-864 0
-866 0
-867 0
-868 0
-869 0
914 0
-911 0
-912 0
-913 0
-915 0
-916 0
-917 0
-918 0
-919 0
949 0
-941 0
-942 0
-943 0
-944 0
-945 0
-946 0
-947 0
-948 0
995 0
-991 0
-992 0
-993 0
-994 0
-996 0
-997 0
-998 0
-999 0
