112 0
-111 0
-113 0
-114 0
-115 0
-116 0
-117 0
-118 0
-119 0
133 0
-131 0
-132 0
-134 0
-135 0
-136 0
-137 0
-138 0
-139 0
149 0
-141 0
-142 0
-143 0
-144 0
-145 0
-146 0
-147 0
-148 0
171 0
-172 0
-173 0
-174 0
-175 0
-176 0
-177 0
-178 0
-179 0
194 0
-191 0
-192 0
-193 0
-195 0
-196 0
-197 0
-198 0
-199 0
236 0
-231 0
-232 0
-233 0
-234 0
-235 0
-237 0
-238 0
-239 0
261 0
-262 0
-263 0
-264 0
-265 0
-266 0
-267 0
-268 0
-269 0
275 0
-271 0
-272 0
-273 0
-274 0
-276 0
-277 0
-278 0
-279 0
321 0
-322 0
-323 0
-324 0
-325 0
-326 0
-327 0
-328 0
-329 0
389 0
-381 0
-382 0
-383 0
-384 0
-385 0
-386 0
-387 0
-388 0
448 0
-441 0
-442 0
-443 0
-444 0
-445 0
-446 0
-447 0
-449 0
473 0
-471 0
-472 0
-474 0
-475 0
-476 0
-477 0
-478 0
-479 0
481 0
-482 0
-483 0
-484 0
-485 0
-486 0
-487 0
-488 0
-489 0
517 0
-511 0
-512 0
-513 0
-514 0
-515 0
-516 0
-518 0
-519 0
596 0
-591 0
-592 0
-593 0
-594 0
-595 0
-597 0
-598 0
-599 0
622 0
-621 0
-623 0
-624 0
-625 0
-626 0
-627 0
-628 0
-629 0
639 0
-631 0
-632 0
-633 0
-634 0
-635 0
-636 0
-637 0
-638 0
665 0
-661 0
-662 0
-663 0
-664 0
-666 0
-667 0
-668 0
-669 0
726 0
-721 0
-722 0
-723 0
-724 0
-725 0
-727 0
-728 0
-729 0
783 0
-781 0
-782 0
-784 0
-785 0
-786 0
-787 0
-788 0
-789 0
832 0
-831 0
-833 0
-834 0
-835 0
-836 0
-837 0
-838 0
-839 0
841 0
-842 0
-843 0
-844 0
-845 0
-846 0
-847 0
-848 0
-849 0
874 0
-871 0
-872 0
-873 0
-875 0
-876 0
-877 0
-878 0
-879 0
919 0
-911 0
-912 0
-913 0
-914 0
-915 0
-916 0
-917 0
-918 0
931 0
-932 0
-933 0
-934 0
-935 0
-936 0
-937 0
-938 0
-939 0
968 0
-961 0
-962 0
-963 0
-964 0
-965 0
-966 0
-967 0
-969 0
972 0
-971 0
-973 0
-974 0
-975 0
-976 0
-977 0
-978 0
-979 0
995 0
-991 0
-992 0
-993 0
-994 0
-996 0
-997 0
-998 0
-999 0
112 0
-111 0
-113 0
-114 0
-115 0
-116 0
-117 0
-118 0
-119 0
133 0
-131 0
-132 0
-134 0
-135 0
-136 0
-137 0
-138 0
-139 0
149 0
-141 0
-142 0
-143 0
-144 0
-145 0
-146 0
-147 0
-148 0
171 0
-172 0
-173 0
-174 0
-175 0
-176 0
-177 0
-178 0
-179 0
194 0
-191 0
-192 0
-193 0
-195 0
-196 0
-197 0
-198 0
-199 0
236 0
-231 0
-232 0
-233 0
-234 0
-235 0
-237 0
-238 0
-239 0
261 0
-262 0
-263 0
-264 0
-265 0
-266 0
-267 0
-268 0
-269 0
275 0
-271 0
-272 0
-273 0
-274 0
-276 0
-277 0
-278 0
-279 0
321 0
-322 0
-323 0
-324 0
-325 0
-326 0
-327 0
-328 0
-329 0
389 0
-381 0
-382 0
-383 0
-384 0
-385 0
-386 0
-387 0
-388 0
448 0
-441 0
-442 0
-443 0
-444 0
-445 0
-446 0
-447 0
-449 0
473 0
-471 0
-472 0
-474 0
-475 0
-476 0
-477 0
-478 0
-479 0
481 0
-482 0
-483 0
-484 0
-485 0
-486 0
-487 0
-488 0
-489 0
517 0
-511 0
-512 0
-513 0
-514 0
-515 0
-516 0
-518 0
-519 0
596 0
-591 0
-592 0
-593 0
-594 0
-595 0
-597 0
-598 0
-599 0
622 0
-621 0
-623 0
-624 0
-625 0
-626 0
-627 0
-628 0
-629 0
639 0
-631 0
-632 0
-633 0
-634 0
-635 0
-636 0
-637 0
-638 0
665 0
-661 0
-662 0
-663 0
-664 0
-666 0
-667 0
-668 0
-669 0
726 0
-721 0
-722 0
-723 0
-724 0
-725 0
-727 0
-728 0
-729 0
783 0
-781 0
-782 0
-784 0
-785 0
-786 0
-787 0
-788 0
-789 0
832 0
-831 0
-833 0
-834 0
-835 0
-836 0
-837 0
-838 0
-839 0
841 0
-842 0
-843 0
-844 0
-845 0
-846 0
-847 0
-848 0
-849 0
874 0
-871 0
-872 0
-873 0
-875 0
-876 0
-877 0
-878 0
-879 0
919 0
-911 0
-912 0
-913 0
-914 0
-915 0
-916 0
-917 0
-918 0
931 0
-932 0
-933 0
-934 0
-935 0
-936 0
-937 0
-938 0
-939 0
968 0
-961 0
-962 0
-963 0
-964 0
-965 0
-966 0
-967 0
-969 0
972 0
-971 0
-973 0
-974 0
-975 0
-976 0
-977 0
-978 0
-979 0
995 0
-991 0
-992 0
-993 0
-994 0
-996 0
-997 0
-998 0
-999 0
