128 0
-121 0
-122 0
-123 0
-124 0
-125 0
-126 0
-127 0
-129 0
217 0
-211 0
-212 0
-213 0
-214 0
-215 0
-216 0
-218 0
-219 0
231 0
-232 0
-233 0
-234 0
-235 0
-236 0
-237 0
-238 0
-239 0
252 0
-251 0
-253 0
-254 0
-255 0
-256 0
-257 0
-258 0
-259 0
273 0
-271 0
-272 0
-274 0
-275 0
-276 0
-277 0
-278 0
-279 0
332 0
-331 0
-333 0
-334 0
-335 0
-336 0
-337 0
-338 0
-339 0
347 0
-341 0
-342 0
-343 0
-344 0
-345 0
-346 0
-348 0
-349 0
369 0
-361 0
-362 0
-363 0
-364 0
-365 0
-366 0
-367 0
-368 0
386 0
-381 0
-382 0
-383 0
-384 0
-385 0
-387 0
-388 0
-389 0
438 0
-431 0
-432 0
-433 0
-434 0
-435 0
-436 0
-437 0
-439 0
446 0
-441 0
-442 0
-443 0
-444 0
-445 0
-447 0
-448 0
-449 0
451 0
-452 0
-453 0
-454 0
-455 0
-456 0
-457 0
-458 0
-459 0
479 0
-471 0
-472 0
-473 0
-474 0
-475 0
-476 0
-477 0
-478 0
526 0
-521 0
-522 0
-523 0
-524 0
-525 0
-527 0
-528 0
-529 0
583 0
-581 0
-582 0
-584 0
-585 0
-586 0
-587 0
-588 0
-589 0
633 0
-631 0
-632 0
-634 0
-635 0
-636 0
-637 0
-638 0
-639 0
659 0
-651 0
-652 0
-653 0
-654 0
-655 0
-656 0
-657 0
-658 0
662 0
-661 0
-663 0
-664 0
-665 0
-666 0
-667 0
-668 0
-669 0
677 0
-671 0
-672 0
-673 0
-674 0
-675 0
-676 0
-678 0
-679 0
725 0
-721 0
-722 0
-723 0
-724 0
-726 0
-727 0
-728 0
-729 0
742 0
-741 0
-743 0
-744 0
-745 0
-746 0
-747 0
-748 0
-749 0
761 0
-762 0
-763 0
-764 0
-765 0
-766 0
-767 0
-768 0
-769 0
778 0
-771 0
-772 0
-773 0
-774 0
-775 0
-776 0
-777 0
-779 0
787 0
-781 0
-782 0
-783 0
-784 0
-785 0
-786 0
-788 0
-789 0
836 0
-831 0
-832 0
-833 0
-834 0
-835 0
-837 0
-838 0
-839 0
855 0
-851 0
-852 0
-853 0
-854 0
-856 0
-857 0
-858 0
-859 0
893 0
-891 0
-892 0
-894 0
-895 0
-896 0
-897 0
-898 0
-899 0
982 0
-981 0
-983 0
-984 0
-985 0
-986 0
-987 0
-988 0
-989 0
128 0
-121 0
-122 0
-123 0
-124 0
-125 0
-126 0
-127 0
-129 0
217 0
-211 0
-212 0
-213 0
-214 0
-215 0
-216 0
-218 0
-219 0
231 0
-232 0
-233 0
-234 0
-235 0
-236 0
-237 0
-238 0
-239 0
252 0
-251 0
-253 0
-254 0
-255 0
-256 0
-257 0
-258 0
-259 0
273 0
-271 0
-272 0
-274 0
-275 0
-276 0
-277 0
-278 0
-279 0
332 0
-331 0
-333 0
-334 0
-335 0
-336 0
-337 0
-338 0
-339 0
347 0
-341 0
-342 0
-343 0
-344 0
-345 0
-346 0
-348 0
-349 0
369 0
-361 0
-362 0
-363 0
-364 0
-365 0
-366 0
-367 0
-368 0
386 0
-381 0
-382 0
-383 0
-384 0
-385 0
-387 0
-388 0
-389 0
438 0
-431 0
-432 0
-433 0
-434 0
-435 0
-436 0
-437 0
-439 0
446 0
-441 0
-442 0
-443 0
-444 0
-445 0
-447 0
-448 0
-449 0
451 0
-452 0
-453 0
-454 0
-455 0
-456 0
-457 0
-458 0
-459 0
479 0
-471 0
-472 0
-473 0
-474 0
-475 0
-476 0
-477 0
-478 0
526 0
-521 0
-522 0
-523 0
-524 0
-525 0
-527 0
-528 0
-529 0
583 0
-581 0
-582 0
-584 0
-585 0
-586 0
-587 0
-588 0
-589 0
633 0
-631 0
-632 0
-634 0
-635 0
-636 0
-637 0
-638 0
-639 0
659 0
-651 0
-652 0
-653 0
-654 0
-655 0
-656 0
-657 0
-658 0
662 0
-661 0
-663 0
-664 0
-665 0
-666 0
-667 0
-668 0
-669 0
677 0
-671 0
-672 0
-673 0
-674 0
-675 0
-676 0
-678 0
-679 0
725 0
-721 0
-722 0
-723 0
-724 0
-726 0
-727 0
-728 0
-729 0
742 0
-741 0
-743 0
-744 0
-745 0
-746 0
-747 0
-748 0
-749 0
761 0
-762 0
-763 0
-764 0
-765 0
-766 0
-767 0
-768 0
-769 0
778 0
-771 0
-772 0
-773 0
-774 0
-775 0
-776 0
-777 0
-779 0
787 0
-781 0
-782 0
-783 0
-784 0
-785 0
-786 0
-788 0
-789 0
836 0
-831 0
-832 0
-833 0
-834 0
-835 0
-837 0
-838 0
-839 0
855 0
-851 0
-852 0
-853 0
-854 0
-856 0
-857 0
-858 0
-859 0
893 0
-891 0
-892 0
-894 0
-895 0
-896 0
-897 0
-898 0
-899 0
982 0
-981 0
-983 0
-984 0
-985 0
-986 0
-987 0
-988 0
-989 0
