148 0
-141 0
-142 0
-143 0
-144 0
-145 0
-146 0
-147 0
-149 0
165 0
-161 0
-162 0
-163 0
-164 0
-166 0
-167 0
-168 0
-169 0
187 0
-181 0
-182 0
-183 0
-184 0
-185 0
-186 0
-188 0
-189 0
237 0
-231 0
-232 0
-233 0
-234 0
-235 0
-236 0
-238 0
-239 0
316 0
-311 0
-312 0
-313 0
-314 0
-315 0
-317 0
-318 0
-319 0
359 0
-351 0
-352 0
-353 0
-354 0
-355 0
-356 0
-357 0
-358 0
412 0
-411 0
-413 0
-414 0
-415 0
-416 0
-417 0
-418 0
-419 0
468 0
-461 0
-462 0
-463 0
-464 0
-465 0
-466 0
-467 0
-469 0
479 0
-471 0
-472 0
-473 0
-474 0
-475 0
-476 0
-477 0
-478 0
531 0
-532 0
-533 0
-534 0
-535 0
-536 0
-537 0
-538 0
-539 0
554 0
-551 0
-552 0
-553 0
-555 0
-556 0
-557 0
-558 0
-559 0
649 0
-641 0
-642 0
-643 0
-644 0
-645 0
-646 0
-647 0
-648 0
683 0
-681 0
-682 0
-684 0
-685 0
-686 0
-687 0
-688 0
-689 0
722 0
-721 0
-723 0
-724 0
-725 0
-726 0
-727 0
-728 0
-729 0
757 0
-751 0
-752 0
-753 0
-754 0
-755 0
-756 0
-758 0
-759 0
778 0
-771 0
-772 0
-773 0
-774 0
-775 0
-776 0
-777 0
-779 0
784 0
-781 0
-782 0
-783 0
-785 0
-786 0
-787 0
-788 0
-789 0
815 0
-811 0
-812 0
-813 0
-814 0
-816 0
-817 0
-818 0
-819 0
844 0
-841 0
-842 0
-843 0
-845 0
-846 0
-847 0
-848 0
-849 0
896 0
-891 0
-892 0
-893 0
-894 0
-895 0
-897 0
-898 0
-899 0
919 0
-911 0
-912 0
-913 0
-914 0
-915 0
-916 0
-917 0
-918 0
943 0
-941 0
-942 0
-944 0
-945 0
-946 0
-947 0
-948 0
-949 0
951 0
-952 0
-953 0
-954 0
-955 0
-956 0
-957 0
-958 0
-959 0
997 0
-991 0
-992 0
-993 0
-994 0
-995 0
-996 0
-998 0
-999 0
