148 0
-141 0
-142 0
-143 0
-144 0
-145 0
-146 0
-147 0
-149 0
151 0
-152 0
-153 0
-154 0
-155 0
-156 0
-157 0
-158 0
-159 0
167 0
-161 0
-162 0
-163 0
-164 0
-165 0
-166 0
-168 0
-169 0
233 0
-231 0
-232 0
-234 0
-235 0
-236 0
-237 0
-238 0
-239 0
252 0
-251 0
-253 0
-254 0
-255 0
-256 0
-257 0
-258 0
-259 0
274 0
-271 0
-272 0
-273 0
-275 0
-276 0
-277 0
-278 0
-279 0
321 0
-322 0
-323 0
-324 0
-325 0
-326 0
-327 0
-328 0
-329 0
385 0
-381 0
-382 0
-383 0
-384 0
-386 0
-387 0
-388 0
-389 0
415 0
-411 0
-412 0
-413 0
-414 0
-416 0
-417 0
-418 0
-419 0
447 0
-441 0
-442 0
-443 0
-444 0
-445 0
-446 0
-448 0
-449 0
454 0
-451 0
-452 0
-453 0
-455 0
-456 0
-457 0
-458 0
-459 0
499 0
-491 0
-492 0
-493 0
-494 0
-495 0
-496 0
-497 0
-498 0
517 0
-511 0
-512 0
-513 0
-514 0
-515 0
-516 0
-518 0
-519 0
523 0
-521 0
-522 0
-524 0
-525 0
-526 0
-527 0
-528 0
-529 0
584 0
-581 0
-582 0
-583 0
-585 0
-586 0
-587 0
-588 0
-589 0
592 0
-591 0
-593 0
-594 0
-595 0
-596 0
-597 0
-598 0
-599 0
619 0
-611 0
-612 0
-613 0
-614 0
-615 0
-616 0
-617 0
-618 0
658 0
-651 0
-652 0
-653 0
-654 0
-655 0
-656 0
-657 0
-659 0
661 0
-662 0
-663 0
-664 0
-665 0
-666 0
-667 0
-668 0
-669 0
695 0
-691 0
-692 0
-693 0
-694 0
-696 0
-697 0
-698 0
-699 0
724 0
-721 0
-722 0
-723 0
-725 0
-726 0
-727 0
-728 0
-729 0
782 0
-781 0
-783 0
-784 0
-785 0
-786 0
-787 0
-788 0
-789 0
838 0
-831 0
-832 0
-833 0
-834 0
-835 0
-836 0
-837 0
-839 0
857 0
-851 0
-852 0
-853 0
-854 0
-855 0
-856 0
-858 0
-859 0
871 0
-872 0
-873 0
-874 0
-875 0
-876 0
-877 0
-878 0
-879 0
945 0
-941 0
-942 0
-943 0
-944 0
-946 0
-947 0
-948 0
-949 0
953 0
-951 0
-952 0
-954 0
-955 0
-956 0
-957 0
-958 0
-959 0
964 0
-961 0
-962 0
-963 0
-965 0
-966 0
-967 0
-968 0
-969 0
