116 0
-111 0
-112 0
-113 0
-114 0
-115 0
-117 0
-118 0
-119 0
193 0
-191 0
-192 0
-194 0
-195 0
-196 0
-197 0
-198 0
-199 0
234 0
-231 0
-232 0
-233 0
-235 0
-236 0
-237 0
-238 0
-239 0
257 0
-251 0
-252 0
-253 0
-254 0
-255 0
-256 0
-258 0
-259 0
272 0
-271 0
-273 0
-274 0
-275 0
-276 0
-277 0
-278 0
-279 0
317 0
-311 0
-312 0
-313 0
-314 0
-315 0
-316 0
-318 0
-319 0
346 0
-341 0
-342 0
-343 0
-344 0
-345 0
-347 0
-348 0
-349 0
364 0
-361 0
-362 0
-363 0
-365 0
-366 0
-367 0
-368 0
-369 0
398 0
-391 0
-392 0
-393 0
-394 0
-395 0
-396 0
-397 0
-399 0
431 0
-432 0
-433 0
-434 0
-435 0
-436 0
-437 0
-438 0
-439 0
448 0
-441 0
-442 0
-443 0
-444 0
-445 0
-446 0
-447 0
-449 0
454 0
-451 0
-452 0
-453 0
-455 0
-456 0
-457 0
-458 0
-459 0
477 0
-471 0
-472 0
-473 0
-474 0
-475 0
-476 0
-478 0
-479 0
527 0
-521 0
-522 0
-523 0
-524 0
-525 0
-526 0
-528 0
-529 0
588 0
-581 0
-582 0
-583 0
-584 0
-585 0
-586 0
-587 0
-589 0
636 0
-631 0
-632 0
-633 0
-634 0
-635 0
-637 0
-638 0
-639 0
652 0
-651 0
-653 0
-654 0
-655 0
-656 0
-657 0
-658 0
-659 0
661 0
-662 0
-663 0
-664 0
-665 0
-666 0
-667 0
-668 0
-669 0
675 0
-671 0
-672 0
-673 0
-674 0
-676 0
-677 0
-678 0
-679 0
714 0
-711 0
-712 0
-713 0
-715 0
-716 0
-717 0
-718 0
-719 0
745 0
-741 0
-742 0
-743 0
-744 0
-746 0
-747 0
-748 0
-749 0
768 0
-761 0
-762 0
-763 0
-764 0
-765 0
-766 0
-767 0
-769 0
792 0
-791 0
-793 0
-794 0
-795 0
-796 0
-797 0
-798 0
-799 0
833 0
-831 0
-832 0
-834 0
-835 0
-836 0
-837 0
-838 0
-839 0
856 0
-851 0
-852 0
-853 0
-854 0
-855 0
-857 0
-858 0
-859 0
878 0
-871 0
-872 0
-873 0
-874 0
-875 0
-876 0
-877 0
-879 0
919 0
-911 0
-912 0
-913 0
-914 0
-915 0
-916 0
-917 0
-918 0
997 0
-991 0
-992 0
-993 0
-994 0
-995 0
-996 0
-998 0
-999 0
116 0
-111 0
-112 0
-113 0
-114 0
-115 0
-117 0
-118 0
-119 0
193 0
-191 0
-192 0
-194 0
-195 0
-196 0
-197 0
-198 0
-199 0
234 0
-231 0
-232 0
-233 0
-235 0
-236 0
-237 0
-238 0
-239 0
257 0
-251 0
-252 0
-253 0
-254 0
-255 0
-256 0
-258 0
-259 0
272 0
-271 0
-273 0
-274 0
-275 0
-276 0
-277 0
-278 0
-279 0
317 0
-311 0
-312 0
-313 0
-314 0
-315 0
-316 0
-318 0
-319 0
346 0
-341 0
-342 0
-343 0
-344 0
-345 0
-347 0
-348 0
-349 0
364 0
-361 0
-362 0
-363 0
-365 0
-366 0
-367 0
-368 0
-369 0
398 0
-391 0
-392 0
-393 0
-394 0
-395 0
-396 0
-397 0
-399 0
431 0
-432 0
-433 0
-434 0
-435 0
-436 0
-437 0
-438 0
-439 0
448 0
-441 0
-442 0
-443 0
-444 0
-445 0
-446 0
-447 0
-449 0
454 0
-451 0
-452 0
-453 0
-455 0
-456 0
-457 0
-458 0
-459 0
477 0
-471 0
-472 0
-473 0
-474 0
-475 0
-476 0
-478 0
-479 0
527 0
-521 0
-522 0
-523 0
-524 0
-525 0
-526 0
-528 0
-529 0
588 0
-581 0
-582 0
-583 0
-584 0
-585 0
-586 0
-587 0
-589 0
636 0
-631 0
-632 0
-633 0
-634 0
-635 0
-637 0
-638 0
-639 0
652 0
-651 0
-653 0
-654 0
-655 0
-656 0
-657 0
-658 0
-659 0
661 0
-662 0
-663 0
-664 0
-665 0
-666 0
-667 0
-668 0
-669 0
675 0
-671 0
-672 0
-673 0
-674 0
-676 0
-677 0
-678 0
-679 0
714 0
-711 0
-712 0
-713 0
-715 0
-716 0
-717 0
-718 0
-719 0
745 0
-741 0
-742 0
-743 0
-744 0
-746 0
-747 0
-748 0
-749 0
768 0
-761 0
-762 0
-763 0
-764 0
-765 0
-766 0
-767 0
-769 0
792 0
-791 0
-793 0
-794 0
-795 0
-796 0
-797 0
-798 0
-799 0
833 0
-831 0
-832 0
-834 0
-835 0
-836 0
-837 0
-838 0
-839 0
856 0
-851 0
-852 0
-853 0
-854 0
-855 0
-857 0
-858 0
-859 0
878 0
-871 0
-872 0
-873 0
-874 0
-875 0
-876 0
-877 0
-879 0
919 0
-911 0
-912 0
-913 0
-914 0
-915 0
-916 0
-917 0
-918 0
997 0
-991 0
-992 0
-993 0
-994 0
-995 0
-996 0
-998 0
-999 0
