135 0
-131 0
-132 0
-133 0
-134 0
-136 0
-137 0
-138 0
-139 0
167 0
-161 0
-162 0
-163 0
-164 0
-165 0
-166 0
-168 0
-169 0
193 0
-191 0
-192 0
-194 0
-195 0
-196 0
-197 0
-198 0
-199 0
282 0
-281 0
-283 0
-284 0
-285 0
-286 0
-287 0
-288 0
-289 0
311 0
-312 0
-313 0
-314 0
-315 0
-316 0
-317 0
-318 0
-319 0
349 0
-341 0
-342 0
-343 0
-344 0
-345 0
-346 0
-347 0
-348 0
356 0
-351 0
-352 0
-353 0
-354 0
-355 0
-357 0
-358 0
-359 0
378 0
-371 0
-372 0
-373 0
-374 0
-375 0
-376 0
-377 0
-379 0
418 0
-411 0
-412 0
-413 0
-414 0
-415 0
-416 0
-417 0
-419 0
436 0
-431 0
-432 0
-433 0
-434 0
-435 0
-437 0
-438 0
-439 0
447 0
-441 0
-442 0
-443 0
-444 0
-445 0
-446 0
-448 0
-449 0
469 0
-461 0
-462 0
-463 0
-464 0
-465 0
-466 0
-467 0
-468 0
481 0
-482 0
-483 0
-484 0
-485 0
-486 0
-487 0
-488 0
-489 0
622 0
-621 0
-623 0
-624 0
-625 0
-626 0
-627 0
-628 0
-629 0
644 0
-641 0
-642 0
-643 0
-645 0
-646 0
-647 0
-648 0
-649 0
661 0
-662 0
-663 0
-664 0
-665 0
-666 0
-667 0
-668 0
-669 0
676 0
-671 0
-672 0
-673 0
-674 0
-675 0
-677 0
-678 0
-679 0
695 0
-691 0
-692 0
-693 0
-694 0
-696 0
-697 0
-698 0
-699 0
734 0
-731 0
-732 0
-733 0
-735 0
-736 0
-737 0
-738 0
-739 0
746 0
-741 0
-742 0
-743 0
-744 0
-745 0
-747 0
-748 0
-749 0
752 0
-751 0
-753 0
-754 0
-755 0
-756 0
-757 0
-758 0
-759 0
791 0
-792 0
-793 0
-794 0
-795 0
-796 0
-797 0
-798 0
-799 0
828 0
-821 0
-822 0
-823 0
-824 0
-825 0
-826 0
-827 0
-829 0
913 0
-911 0
-912 0
-914 0
-915 0
-916 0
-917 0
-918 0
-919 0
968 0
-961 0
-962 0
-963 0
-964 0
-965 0
-966 0
-967 0
-969 0
979 0
-971 0
-972 0
-973 0
-974 0
-975 0
-976 0
-977 0
-978 0
135 0
-131 0
-132 0
-133 0
-134 0
-136 0
-137 0
-138 0
-139 0
167 0
-161 0
-162 0
-163 0
-164 0
-165 0
-166 0
-168 0
-169 0
193 0
-191 0
-192 0
-194 0
-195 0
-196 0
-197 0
-198 0
-199 0
282 0
-281 0
-283 0
-284 0
-285 0
-286 0
-287 0
-288 0
-289 0
311 0
-312 0
-313 0
-314 0
-315 0
-316 0
-317 0
-318 0
-319 0
349 0
-341 0
-342 0
-343 0
-344 0
-345 0
-346 0
-347 0
-348 0
356 0
-351 0
-352 0
-353 0
-354 0
-355 0
-357 0
-358 0
-359 0
378 0
-371 0
-372 0
-373 0
-374 0
-375 0
-376 0
-377 0
-379 0
418 0
-411 0
-412 0
-413 0
-414 0
-415 0
-416 0
-417 0
-419 0
436 0
-431 0
-432 0
-433 0
-434 0
-435 0
-437 0
-438 0
-439 0
447 0
-441 0
-442 0
-443 0
-444 0
-445 0
-446 0
-448 0
-449 0
469 0
-461 0
-462 0
-463 0
-464 0
-465 0
-466 0
-467 0
-468 0
481 0
-482 0
-483 0
-484 0
-485 0
-486 0
-487 0
-488 0
-489 0
622 0
-621 0
-623 0
-624 0
-625 0
-626 0
-627 0
-628 0
-629 0
644 0
-641 0
-642 0
-643 0
-645 0
-646 0
-647 0
-648 0
-649 0
661 0
-662 0
-663 0
-664 0
-665 0
-666 0
-667 0
-668 0
-669 0
676 0
-671 0
-672 0
-673 0
-674 0
-675 0
-677 0
-678 0
-679 0
695 0
-691 0
-692 0
-693 0
-694 0
-696 0
-697 0
-698 0
-699 0
734 0
-731 0
-732 0
-733 0
-735 0
-736 0
-737 0
-738 0
-739 0
746 0
-741 0
-742 0
-743 0
-744 0
-745 0
-747 0
-748 0
-749 0
752 0
-751 0
-753 0
-754 0
-755 0
-756 0
-757 0
-758 0
-759 0
791 0
-792 0
-793 0
-794 0
-795 0
-796 0
-797 0
-798 0
-799 0
828 0
-821 0
-822 0
-823 0
-824 0
-825 0
-826 0
-827 0
-829 0
913 0
-911 0
-912 0
-914 0
-915 0
-916 0
-917 0
-918 0
-919 0
968 0
-961 0
-962 0
-963 0
-964 0
-965 0
-966 0
-967 0
-969 0
979 0
-971 0
-972 0
-973 0
-974 0
-975 0
-976 0
-977 0
-978 0
