116 0
-111 0
-112 0
-113 0
-114 0
-115 0
-117 0
-118 0
-119 0
155 0
-151 0
-152 0
-153 0
-154 0
-156 0
-157 0
-158 0
-159 0
225 0
-221 0
-222 0
-223 0
-224 0
-226 0
-227 0
-228 0
-229 0
251 0
-252 0
-253 0
-254 0
-255 0
-256 0
-257 0
-258 0
-259 0
286 0
-281 0
-282 0
-283 0
-284 0
-285 0
-287 0
-288 0
-289 0
299 0
-291 0
-292 0
-293 0
-294 0
-295 0
-296 0
-297 0
-298 0
329 0
-321 0
-322 0
-323 0
-324 0
-325 0
-326 0
-327 0
-328 0
332 0
-331 0
-333 0
-334 0
-335 0
-336 0
-337 0
-338 0
-339 0
367 0
-361 0
-362 0
-363 0
-364 0
-365 0
-366 0
-368 0
-369 0
385 0
-381 0
-382 0
-383 0
-384 0
-386 0
-387 0
-388 0
-389 0
437 0
-431 0
-432 0
-433 0
-434 0
-435 0
-436 0
-438 0
-439 0
441 0
-442 0
-443 0
-444 0
-445 0
-446 0
-447 0
-448 0
-449 0
468 0
-461 0
-462 0
-463 0
-464 0
-465 0
-466 0
-467 0
-469 0
519 0
-511 0
-512 0
-513 0
-514 0
-515 0
-516 0
-517 0
-518 0
522 0
-521 0
-523 0
-524 0
-525 0
-526 0
-527 0
-528 0
-529 0
588 0
-581 0
-582 0
-583 0
-584 0
-585 0
-586 0
-587 0
-589 0
591 0
-592 0
-593 0
-594 0
-595 0
-596 0
-597 0
-598 0
-599 0
649 0
-641 0
-642 0
-643 0
-644 0
-645 0
-646 0
-647 0
-648 0
665 0
-661 0
-662 0
-663 0
-664 0
-666 0
-667 0
-668 0
-669 0
673 0
-671 0
-672 0
-674 0
-675 0
-676 0
-677 0
-678 0
-679 0
727 0
-721 0
-722 0
-723 0
-724 0
-725 0
-726 0
-728 0
-729 0
745 0
-741 0
-742 0
-743 0
-744 0
-746 0
-747 0
-748 0
-749 0
774 0
-771 0
-772 0
-773 0
-775 0
-776 0
-777 0
-778 0
-779 0
782 0
-781 0
-783 0
-784 0
-785 0
-786 0
-787 0
-788 0
-789 0
812 0
-811 0
-813 0
-814 0
-815 0
-816 0
-817 0
-818 0
-819 0
821 0
-822 0
-823 0
-824 0
-825 0
-826 0
-827 0
-828 0
-829 0
854 0
-851 0
-852 0
-853 0
-855 0
-856 0
-857 0
-858 0
-859 0
889 0
-881 0
-882 0
-883 0
-884 0
-885 0
-886 0
-887 0
-888 0
959 0
-951 0
-952 0
-953 0
-954 0
-955 0
-956 0
-957 0
-958 0
997 0
-991 0
-992 0
-993 0
-994 0
-995 0
-996 0
-998 0
-999 0
