122 0
-121 0
-123 0
-124 0
-125 0
-126 0
-127 0
-128 0
-129 0
169 0
-161 0
-162 0
-163 0
-164 0
-165 0
-166 0
-167 0
-168 0
196 0
-191 0
-192 0
-193 0
-194 0
-195 0
-197 0
-198 0
-199 0
247 0
-241 0
-242 0
-243 0
-244 0
-245 0
-246 0
-248 0
-249 0
256 0
-251 0
-252 0
-253 0
-254 0
-255 0
-257 0
-258 0
-259 0
315 0
-311 0
-312 0
-313 0
-314 0
-316 0
-317 0
-318 0
-319 0
383 0
-381 0
-382 0
-384 0
-385 0
-386 0
-387 0
-388 0
-389 0
397 0
-391 0
-392 0
-393 0
-394 0
-395 0
-396 0
-398 0
-399 0
434 0
-431 0
-432 0
-433 0
-435 0
-436 0
-437 0
-438 0
-439 0
455 0
-451 0
-452 0
-453 0
-454 0
-456 0
-457 0
-458 0
-459 0
462 0
-461 0
-463 0
-464 0
-465 0
-466 0
-467 0
-468 0
-469 0
521 0
-522 0
-523 0
-524 0
-525 0
-526 0
-527 0
-528 0
-529 0
544 0
-541 0
-542 0
-543 0
-545 0
-546 0
-547 0
-548 0
-549 0
566 0
-561 0
-562 0
-563 0
-564 0
-565 0
-567 0
-568 0
-569 0
572 0
-571 0
-573 0
-574 0
-575 0
-576 0
-577 0
-578 0
-579 0
627 0
-621 0
-622 0
-623 0
-624 0
-625 0
-626 0
-628 0
-629 0
651 0
-652 0
-653 0
-654 0
-655 0
-656 0
-657 0
-658 0
-659 0
688 0
-681 0
-682 0
-683 0
-684 0
-685 0
-686 0
-687 0
-689 0
717 0
-711 0
-712 0
-713 0
-714 0
-715 0
-716 0
-718 0
-719 0
726 0
-721 0
-722 0
-723 0
-724 0
-725 0
-727 0
-728 0
-729 0
733 0
-731 0
-732 0
-734 0
-735 0
-736 0
-737 0
-738 0
-739 0
771 0
-772 0
-773 0
-774 0
-775 0
-776 0
-777 0
-778 0
-779 0
814 0
-811 0
-812 0
-813 0
-815 0
-816 0
-817 0
-818 0
-819 0
898 0
-891 0
-892 0
-893 0
-894 0
-895 0
-896 0
-897 0
-899 0
952 0
-951 0
-953 0
-954 0
-955 0
-956 0
-957 0
-958 0
-959 0
