136 0
-131 0
-132 0
-133 0
-134 0
-135 0
-137 0
-138 0
-139 0
154 0
-151 0
-152 0
-153 0
-155 0
-156 0
-157 0
-158 0
-159 0
163 0
-161 0
-162 0
-164 0
-165 0
-166 0
-167 0
-168 0
-169 0
177 0
-171 0
-172 0
-173 0
-174 0
-175 0
-176 0
-178 0
-179 0
214 0
-211 0
-212 0
-213 0
-215 0
-216 0
-217 0
-218 0
-219 0
247 0
-241 0
-242 0
-243 0
-244 0
-245 0
-246 0
-248 0
-249 0
298 0
-291 0
-292 0
-293 0
-294 0
-295 0
-296 0
-297 0
-299 0
313 0
-311 0
-312 0
-314 0
-315 0
-316 0
-317 0
-318 0
-319 0
332 0
-331 0
-333 0
-334 0
-335 0
-336 0
-337 0
-338 0
-339 0
349 0
-341 0
-342 0
-343 0
-344 0
-345 0
-346 0
-347 0
-348 0
375 0
-371 0
-372 0
-373 0
-374 0
-376 0
-377 0
-378 0
-379 0
391 0
-392 0
-393 0
-394 0
-395 0
-396 0
-397 0
-398 0
-399 0
451 0
-452 0
-453 0
-454 0
-455 0
-456 0
-457 0
-458 0
-459 0
485 0
-481 0
-482 0
-483 0
-484 0
-486 0
-487 0
-488 0
-489 0
497 0
-491 0
-492 0
-493 0
-494 0
-495 0
-496 0
-498 0
-499 0
544 0
-541 0
-542 0
-543 0
-545 0
-546 0
-547 0
-548 0
-549 0
565 0
-561 0
-562 0
-563 0
-564 0
-566 0
-567 0
-568 0
-569 0
611 0
-612 0
-613 0
-614 0
-615 0
-616 0
-617 0
-618 0
-619 0
622 0
-621 0
-623 0
-624 0
-625 0
-626 0
-627 0
-628 0
-629 0
653 0
-651 0
-652 0
-654 0
-655 0
-656 0
-657 0
-658 0
-659 0
716 0
-711 0
-712 0
-713 0
-714 0
-715 0
-717 0
-718 0
-719 0
733 0
-731 0
-732 0
-734 0
-735 0
-736 0
-737 0
-738 0
-739 0
745 0
-741 0
-742 0
-743 0
-744 0
-746 0
-747 0
-748 0
-749 0
779 0
-771 0
-772 0
-773 0
-774 0
-775 0
-776 0
-777 0
-778 0
794 0
-791 0
-792 0
-793 0
-795 0
-796 0
-797 0
-798 0
-799 0
812 0
-811 0
-813 0
-814 0
-815 0
-816 0
-817 0
-818 0
-819 0
843 0
-841 0
-842 0
-844 0
-845 0
-846 0
-847 0
-848 0
-849 0
895 0
-891 0
-892 0
-893 0
-894 0
-896 0
-897 0
-898 0
-899 0
937 0
-931 0
-932 0
-933 0
-934 0
-935 0
-936 0
-938 0
-939 0
958 0
-951 0
-952 0
-953 0
-954 0
-955 0
-956 0
-957 0
-959 0
964 0
-961 0
-962 0
-963 0
-965 0
-966 0
-967 0
-968 0
-969 0
971 0
-972 0
-973 0
-974 0
-975 0
-976 0
-977 0
-978 0
-979 0
