154 0
-151 0
-152 0
-153 0
-155 0
-156 0
-157 0
-158 0
-159 0
167 0
-161 0
-162 0
-163 0
-164 0
-165 0
-166 0
-168 0
-169 0
181 0
-182 0
-183 0
-184 0
-185 0
-186 0
-187 0
-188 0
-189 0
217 0
-211 0
-212 0
-213 0
-214 0
-215 0
-216 0
-218 0
-219 0
221 0
-222 0
-223 0
-224 0
-225 0
-226 0
-227 0
-228 0
-229 0
238 0
-231 0
-232 0
-233 0
-234 0
-235 0
-236 0
-237 0
-239 0
242 0
-241 0
-243 0
-244 0
-245 0
-246 0
-247 0
-248 0
-249 0
349 0
-341 0
-342 0
-343 0
-344 0
-345 0
-346 0
-347 0
-348 0
351 0
-352 0
-353 0
-354 0
-355 0
-356 0
-357 0
-358 0
-359 0
373 0
-371 0
-372 0
-374 0
-375 0
-376 0
-377 0
-378 0
-379 0
419 0
-411 0
-412 0
-413 0
-414 0
-415 0
-416 0
-417 0
-418 0
474 0
-471 0
-472 0
-473 0
-475 0
-476 0
-477 0
-478 0
-479 0
483 0
-481 0
-482 0
-484 0
-485 0
-486 0
-487 0
-488 0
-489 0
514 0
-511 0
-512 0
-513 0
-515 0
-516 0
-517 0
-518 0
-519 0
532 0
-531 0
-533 0
-534 0
-535 0
-536 0
-537 0
-538 0
-539 0
576 0
-571 0
-572 0
-573 0
-574 0
-575 0
-577 0
-578 0
-579 0
591 0
-592 0
-593 0
-594 0
-595 0
-596 0
-597 0
-598 0
-599 0
625 0
-621 0
-622 0
-623 0
-624 0
-626 0
-627 0
-628 0
-629 0
637 0
-631 0
-632 0
-633 0
-634 0
-635 0
-636 0
-638 0
-639 0
699 0
-691 0
-692 0
-693 0
-694 0
-695 0
-696 0
-697 0
-698 0
735 0
-731 0
-732 0
-733 0
-734 0
-736 0
-737 0
-738 0
-739 0
752 0
-751 0
-753 0
-754 0
-755 0
-756 0
-757 0
-758 0
-759 0
761 0
-762 0
-763 0
-764 0
-765 0
-766 0
-767 0
-768 0
-769 0
789 0
-781 0
-782 0
-783 0
-784 0
-785 0
-786 0
-787 0
-788 0
813 0
-811 0
-812 0
-814 0
-815 0
-816 0
-817 0
-818 0
-819 0
869 0
-861 0
-862 0
-863 0
-864 0
-865 0
-866 0
-867 0
-868 0
884 0
-881 0
-882 0
-883 0
-885 0
-886 0
-887 0
-888 0
-889 0
946 0
-941 0
-942 0
-943 0
-944 0
-945 0
-947 0
-948 0
-949 0
957 0
-951 0
-952 0
-953 0
-954 0
-955 0
-956 0
-958 0
-959 0
988 0
-981 0
-982 0
-983 0
-984 0
-985 0
-986 0
-987 0
-989 0
