134 0
-131 0
-132 0
-133 0
-135 0
-136 0
-137 0
-138 0
-139 0
146 0
-141 0
-142 0
-143 0
-144 0
-145 0
-147 0
-148 0
-149 0
163 0
-161 0
-162 0
-164 0
-165 0
-166 0
-167 0
-168 0
-169 0
171 0
-172 0
-173 0
-174 0
-175 0
-176 0
-177 0
-178 0
-179 0
182 0
-181 0
-183 0
-184 0
-185 0
-186 0
-187 0
-188 0
-189 0
255 0
-251 0
-252 0
-253 0
-254 0
-256 0
-257 0
-258 0
-259 0
348 0
-341 0
-342 0
-343 0
-344 0
-345 0
-346 0
-347 0
-349 0
351 0
-352 0
-353 0
-354 0
-355 0
-356 0
-357 0
-358 0
-359 0
364 0
-361 0
-362 0
-363 0
-365 0
-366 0
-367 0
-368 0
-369 0
411 0
-412 0
-413 0
-414 0
-415 0
-416 0
-417 0
-418 0
-419 0
437 0
-431 0
-432 0
-433 0
-434 0
-435 0
-436 0
-438 0
-439 0
459 0
-451 0
-452 0
-453 0
-454 0
-455 0
-456 0
-457 0
-458 0
475 0
-471 0
-472 0
-473 0
-474 0
-476 0
-477 0
-478 0
-479 0
498 0
-491 0
-492 0
-493 0
-494 0
-495 0
-496 0
-497 0
-499 0
524 0
-521 0
-522 0
-523 0
-525 0
-526 0
-527 0
-528 0
-529 0
535 0
-531 0
-532 0
-533 0
-534 0
-536 0
-537 0
-538 0
-539 0
572 0
-571 0
-573 0
-574 0
-575 0
-576 0
-577 0
-578 0
-579 0
583 0
-581 0
-582 0
-584 0
-585 0
-586 0
-587 0
-588 0
-589 0
613 0
-611 0
-612 0
-614 0
-615 0
-616 0
-617 0
-618 0
-619 0
638 0
-631 0
-632 0
-633 0
-634 0
-635 0
-636 0
-637 0
-639 0
654 0
-651 0
-652 0
-653 0
-655 0
-656 0
-657 0
-658 0
-659 0
677 0
-671 0
-672 0
-673 0
-674 0
-675 0
-676 0
-678 0
-679 0
696 0
-691 0
-692 0
-693 0
-694 0
-695 0
-697 0
-698 0
-699 0
717 0
-711 0
-712 0
-713 0
-714 0
-715 0
-716 0
-718 0
-719 0
745 0
-741 0
-742 0
-743 0
-744 0
-746 0
-747 0
-748 0
-749 0
753 0
-751 0
-752 0
-754 0
-755 0
-756 0
-757 0
-758 0
-759 0
766 0
-761 0
-762 0
-763 0
-764 0
-765 0
-767 0
-768 0
-769 0
812 0
-811 0
-813 0
-814 0
-815 0
-816 0
-817 0
-818 0
-819 0
858 0
-851 0
-852 0
-853 0
-854 0
-855 0
-856 0
-857 0
-859 0
949 0
-941 0
-942 0
-943 0
-944 0
-945 0
-946 0
-947 0
-948 0
967 0
-961 0
-962 0
-963 0
-964 0
-965 0
-966 0
-968 0
-969 0
976 0
-971 0
-972 0
-973 0
-974 0
-975 0
-977 0
-978 0
-979 0
