164 0
-161 0
-162 0
-163 0
-165 0
-166 0
-167 0
-168 0
-169 0
177 0
-171 0
-172 0
-173 0
-174 0
-175 0
-176 0
-178 0
-179 0
213 0
-211 0
-212 0
-214 0
-215 0
-216 0
-217 0
-218 0
-219 0
235 0
-231 0
-232 0
-233 0
-234 0
-236 0
-237 0
-238 0
-239 0
246 0
-241 0
-242 0
-243 0
-244 0
-245 0
-247 0
-248 0
-249 0
251 0
-252 0
-253 0
-254 0
-255 0
-256 0
-257 0
-258 0
-259 0
274 0
-271 0
-272 0
-273 0
-275 0
-276 0
-277 0
-278 0
-279 0
289 0
-281 0
-282 0
-283 0
-284 0
-285 0
-286 0
-287 0
-288 0
338 0
-331 0
-332 0
-333 0
-334 0
-335 0
-336 0
-337 0
-339 0
349 0
-341 0
-342 0
-343 0
-344 0
-345 0
-346 0
-347 0
-348 0
353 0
-351 0
-352 0
-354 0
-355 0
-356 0
-357 0
-358 0
-359 0
448 0
-441 0
-442 0
-443 0
-444 0
-445 0
-446 0
-447 0
-449 0
473 0
-471 0
-472 0
-474 0
-475 0
-476 0
-477 0
-478 0
-479 0
526 0
-521 0
-522 0
-523 0
-524 0
-525 0
-527 0
-528 0
-529 0
537 0
-531 0
-532 0
-533 0
-534 0
-535 0
-536 0
-538 0
-539 0
575 0
-571 0
-572 0
-573 0
-574 0
-576 0
-577 0
-578 0
-579 0
581 0
-582 0
-583 0
-584 0
-585 0
-586 0
-587 0
-588 0
-589 0
631 0
-632 0
-633 0
-634 0
-635 0
-636 0
-637 0
-638 0
-639 0
666 0
-661 0
-662 0
-663 0
-664 0
-665 0
-667 0
-668 0
-669 0
741 0
-742 0
-743 0
-744 0
-745 0
-746 0
-747 0
-748 0
-749 0
756 0
-751 0
-752 0
-753 0
-754 0
-755 0
-757 0
-758 0
-759 0
779 0
-771 0
-772 0
-773 0
-774 0
-775 0
-776 0
-777 0
-778 0
784 0
-781 0
-782 0
-783 0
-785 0
-786 0
-787 0
-788 0
-789 0
825 0
-821 0
-822 0
-823 0
-824 0
-826 0
-827 0
-828 0
-829 0
833 0
-831 0
-832 0
-834 0
-835 0
-836 0
-837 0
-838 0
-839 0
844 0
-841 0
-842 0
-843 0
-845 0
-846 0
-847 0
-848 0
-849 0
859 0
-851 0
-852 0
-853 0
-854 0
-855 0
-856 0
-857 0
-858 0
939 0
-931 0
-932 0
-933 0
-934 0
-935 0
-936 0
-937 0
-938 0
963 0
-961 0
-962 0
-964 0
-965 0
-966 0
-967 0
-968 0
-969 0
982 0
-981 0
-983 0
-984 0
-985 0
-986 0
-987 0
-988 0
-989 0
