143 0
-141 0
-142 0
-144 0
-145 0
-146 0
-147 0
-148 0
-149 0
151 0
-152 0
-153 0
-154 0
-155 0
-156 0
-157 0
-158 0
-159 0
164 0
-161 0
-162 0
-163 0
-165 0
-166 0
-167 0
-168 0
-169 0
214 0
-211 0
-212 0
-213 0
-215 0
-216 0
-217 0
-218 0
-219 0
223 0
-221 0
-222 0
-224 0
-225 0
-226 0
-227 0
-228 0
-229 0
255 0
-251 0
-252 0
-253 0
-254 0
-256 0
-257 0
-258 0
-259 0
332 0
-331 0
-333 0
-334 0
-335 0
-336 0
-337 0
-338 0
-339 0
374 0
-371 0
-372 0
-373 0
-375 0
-376 0
-377 0
-378 0
-379 0
413 0
-411 0
-412 0
-414 0
-415 0
-416 0
-417 0
-418 0
-419 0
447 0
-441 0
-442 0
-443 0
-444 0
-445 0
-446 0
-448 0
-449 0
491 0
-492 0
-493 0
-494 0
-495 0
-496 0
-497 0
-498 0
-499 0
511 0
-512 0
-513 0
-514 0
-515 0
-516 0
-517 0
-518 0
-519 0
527 0
-521 0
-522 0
-523 0
-524 0
-525 0
-526 0
-528 0
-529 0
589 0
-581 0
-582 0
-583 0
-584 0
-585 0
-586 0
-587 0
-588 0
596 0
-591 0
-592 0
-593 0
-594 0
-595 0
-597 0
-598 0
-599 0
616 0
-611 0
-612 0
-613 0
-614 0
-615 0
-617 0
-618 0
-619 0
668 0
-661 0
-662 0
-663 0
-664 0
-665 0
-666 0
-667 0
-669 0
692 0
-691 0
-693 0
-694 0
-695 0
-696 0
-697 0
-698 0
-699 0
731 0
-732 0
-733 0
-734 0
-735 0
-736 0
-737 0
-738 0
-739 0
778 0
-771 0
-772 0
-773 0
-774 0
-775 0
-776 0
-777 0
-779 0
859 0
-851 0
-852 0
-853 0
-854 0
-855 0
-856 0
-857 0
-858 0
886 0
-881 0
-882 0
-883 0
-884 0
-885 0
-887 0
-888 0
-889 0
897 0
-891 0
-892 0
-893 0
-894 0
-895 0
-896 0
-898 0
-899 0
948 0
-941 0
-942 0
-943 0
-944 0
-945 0
-946 0
-947 0
-949 0
954 0
-951 0
-952 0
-953 0
-955 0
-956 0
-957 0
-958 0
-959 0
962 0
-961 0
-963 0
-964 0
-965 0
-966 0
-967 0
-968 0
-969 0
