115 0
-111 0
-112 0
-113 0
-114 0
-116 0
-117 0
-118 0
-119 0
139 0
-131 0
-132 0
-133 0
-134 0
-135 0
-136 0
-137 0
-138 0
151 0
-152 0
-153 0
-154 0
-155 0
-156 0
-157 0
-158 0
-159 0
221 0
-222 0
-223 0
-224 0
-225 0
-226 0
-227 0
-228 0
-229 0
297 0
-291 0
-292 0
-293 0
-294 0
-295 0
-296 0
-298 0
-299 0
391 0
-392 0
-393 0
-394 0
-395 0
-396 0
-397 0
-398 0
-399 0
414 0
-411 0
-412 0
-413 0
-415 0
-416 0
-417 0
-418 0
-419 0
427 0
-421 0
-422 0
-423 0
-424 0
-425 0
-426 0
-428 0
-429 0
443 0
-441 0
-442 0
-444 0
-445 0
-446 0
-447 0
-448 0
-449 0
469 0
-461 0
-462 0
-463 0
-464 0
-465 0
-466 0
-467 0
-468 0
496 0
-491 0
-492 0
-493 0
-494 0
-495 0
-497 0
-498 0
-499 0
593 0
-591 0
-592 0
-594 0
-595 0
-596 0
-597 0
-598 0
-599 0
611 0
-612 0
-613 0
-614 0
-615 0
-616 0
-617 0
-618 0
-619 0
672 0
-671 0
-673 0
-674 0
-675 0
-676 0
-677 0
-678 0
-679 0
698 0
-691 0
-692 0
-693 0
-694 0
-695 0
-696 0
-697 0
-699 0
718 0
-711 0
-712 0
-713 0
-714 0
-715 0
-716 0
-717 0
-719 0
734 0
-731 0
-732 0
-733 0
-735 0
-736 0
-737 0
-738 0
-739 0
763 0
-761 0
-762 0
-764 0
-765 0
-766 0
-767 0
-768 0
-769 0
847 0
-841 0
-842 0
-843 0
-844 0
-845 0
-846 0
-848 0
-849 0
855 0
-851 0
-852 0
-853 0
-854 0
-856 0
-857 0
-858 0
-859 0
932 0
-931 0
-933 0
-934 0
-935 0
-936 0
-937 0
-938 0
-939 0
941 0
-942 0
-943 0
-944 0
-945 0
-946 0
-947 0
-948 0
-949 0
984 0
-981 0
-982 0
-983 0
-985 0
-986 0
-987 0
-988 0
-989 0
115 0
-111 0
-112 0
-113 0
-114 0
-116 0
-117 0
-118 0
-119 0
139 0
-131 0
-132 0
-133 0
-134 0
-135 0
-136 0
-137 0
-138 0
151 0
-152 0
-153 0
-154 0
-155 0
-156 0
-157 0
-158 0
-159 0
221 0
-222 0
-223 0
-224 0
-225 0
-226 0
-227 0
-228 0
-229 0
297 0
-291 0
-292 0
-293 0
-294 0
-295 0
-296 0
-298 0
-299 0
391 0
-392 0
-393 0
-394 0
-395 0
-396 0
-397 0
-398 0
-399 0
414 0
-411 0
-412 0
-413 0
-415 0
-416 0
-417 0
-418 0
-419 0
427 0
-421 0
-422 0
-423 0
-424 0
-425 0
-426 0
-428 0
-429 0
443 0
-441 0
-442 0
-444 0
-445 0
-446 0
-447 0
-448 0
-449 0
469 0
-461 0
-462 0
-463 0
-464 0
-465 0
-466 0
-467 0
-468 0
496 0
-491 0
-492 0
-493 0
-494 0
-495 0
-497 0
-498 0
-499 0
593 0
-591 0
-592 0
-594 0
-595 0
-596 0
-597 0
-598 0
-599 0
611 0
-612 0
-613 0
-614 0
-615 0
-616 0
-617 0
-618 0
-619 0
672 0
-671 0
-673 0
-674 0
-675 0
-676 0
-677 0
-678 0
-679 0
698 0
-691 0
-692 0
-693 0
-694 0
-695 0
-696 0
-697 0
-699 0
718 0
-711 0
-712 0
-713 0
-714 0
-715 0
-716 0
-717 0
-719 0
734 0
-731 0
-732 0
-733 0
-735 0
-736 0
-737 0
-738 0
-739 0
763 0
-761 0
-762 0
-764 0
-765 0
-766 0
-767 0
-768 0
-769 0
847 0
-841 0
-842 0
-843 0
-844 0
-845 0
-846 0
-848 0
-849 0
855 0
-851 0
-852 0
-853 0
-854 0
-856 0
-857 0
-858 0
-859 0
932 0
-931 0
-933 0
-934 0
-935 0
-936 0
-937 0
-938 0
-939 0
941 0
-942 0
-943 0
-944 0
-945 0
-946 0
-947 0
-948 0
-949 0
984 0
-981 0
-982 0
-983 0
-985 0
-986 0
-987 0
-988 0
-989 0
