112 0
-111 0
-113 0
-114 0
-115 0
-116 0
-117 0
-118 0
-119 0
158 0
-151 0
-152 0
-153 0
-154 0
-155 0
-156 0
-157 0
-159 0
197 0
-191 0
-192 0
-193 0
-194 0
-195 0
-196 0
-198 0
-199 0
211 0
-212 0
-213 0
-214 0
-215 0
-216 0
-217 0
-218 0
-219 0
299 0
-291 0
-292 0
-293 0
-294 0
-295 0
-296 0
-297 0
-298 0
328 0
-321 0
-322 0
-323 0
-324 0
-325 0
-326 0
-327 0
-329 0
344 0
-341 0
-342 0
-343 0
-345 0
-346 0
-347 0
-348 0
-349 0
351 0
-352 0
-353 0
-354 0
-355 0
-356 0
-357 0
-358 0
-359 0
369 0
-361 0
-362 0
-363 0
-364 0
-365 0
-366 0
-367 0
-368 0
386 0
-381 0
-382 0
-383 0
-384 0
-385 0
-387 0
-388 0
-389 0
431 0
-432 0
-433 0
-434 0
-435 0
-436 0
-437 0
-438 0
-439 0
449 0
-441 0
-442 0
-443 0
-444 0
-445 0
-446 0
-447 0
-448 0
473 0
-471 0
-472 0
-474 0
-475 0
-476 0
-477 0
-478 0
-479 0
515 0
-511 0
-512 0
-513 0
-514 0
-516 0
-517 0
-518 0
-519 0
532 0
-531 0
-533 0
-534 0
-535 0
-536 0
-537 0
-538 0
-539 0
574 0
-571 0
-572 0
-573 0
-575 0
-576 0
-577 0
-578 0
-579 0
591 0
-592 0
-593 0
-594 0
-595 0
-596 0
-597 0
-598 0
-599 0
638 0
-631 0
-632 0
-633 0
-634 0
-635 0
-636 0
-637 0
-639 0
663 0
-661 0
-662 0
-664 0
-665 0
-666 0
-667 0
-668 0
-669 0
676 0
-671 0
-672 0
-673 0
-674 0
-675 0
-677 0
-678 0
-679 0
722 0
-721 0
-723 0
-724 0
-725 0
-726 0
-727 0
-728 0
-729 0
747 0
-741 0
-742 0
-743 0
-744 0
-745 0
-746 0
-748 0
-749 0
756 0
-751 0
-752 0
-753 0
-754 0
-755 0
-757 0
-758 0
-759 0
761 0
-762 0
-763 0
-764 0
-765 0
-766 0
-767 0
-768 0
-769 0
785 0
-781 0
-782 0
-783 0
-784 0
-786 0
-787 0
-788 0
-789 0
819 0
-811 0
-812 0
-813 0
-814 0
-815 0
-816 0
-817 0
-818 0
894 0
-891 0
-892 0
-893 0
-895 0
-896 0
-897 0
-898 0
-899 0
918 0
-911 0
-912 0
-913 0
-914 0
-915 0
-916 0
-917 0
-919 0
959 0
-951 0
-952 0
-953 0
-954 0
-955 0
-956 0
-957 0
-958 0
996 0
-991 0
-992 0
-993 0
-994 0
-995 0
-997 0
-998 0
-999 0
