114 0
-111 0
-112 0
-113 0
-115 0
-116 0
-117 0
-118 0
-119 0
133 0
-131 0
-132 0
-134 0
-135 0
-136 0
-137 0
-138 0
-139 0
165 0
-161 0
-162 0
-163 0
-164 0
-166 0
-167 0
-168 0
-169 0
228 0
-221 0
-222 0
-223 0
-224 0
-225 0
-226 0
-227 0
-229 0
236 0
-231 0
-232 0
-233 0
-234 0
-235 0
-237 0
-238 0
-239 0
249 0
-241 0
-242 0
-243 0
-244 0
-245 0
-246 0
-247 0
-248 0
291 0
-292 0
-293 0
-294 0
-295 0
-296 0
-297 0
-298 0
-299 0
312 0
-311 0
-313 0
-314 0
-315 0
-316 0
-317 0
-318 0
-319 0
348 0
-341 0
-342 0
-343 0
-344 0
-345 0
-346 0
-347 0
-349 0
357 0
-351 0
-352 0
-353 0
-354 0
-355 0
-356 0
-358 0
-359 0
417 0
-411 0
-412 0
-413 0
-414 0
-415 0
-416 0
-418 0
-419 0
476 0
-471 0
-472 0
-473 0
-474 0
-475 0
-477 0
-478 0
-479 0
483 0
-481 0
-482 0
-484 0
-485 0
-486 0
-487 0
-488 0
-489 0
534 0
-531 0
-532 0
-533 0
-535 0
-536 0
-537 0
-538 0
-539 0
579 0
-571 0
-572 0
-573 0
-574 0
-575 0
-576 0
-577 0
-578 0
623 0
-621 0
-622 0
-624 0
-625 0
-626 0
-627 0
-628 0
-629 0
635 0
-631 0
-632 0
-633 0
-634 0
-636 0
-637 0
-638 0
-639 0
697 0
-691 0
-692 0
-693 0
-694 0
-695 0
-696 0
-698 0
-699 0
751 0
-752 0
-753 0
-754 0
-755 0
-756 0
-757 0
-758 0
-759 0
762 0
-761 0
-763 0
-764 0
-765 0
-766 0
-767 0
-768 0
-769 0
789 0
-781 0
-782 0
-783 0
-784 0
-785 0
-786 0
-787 0
-788 0
798 0
-791 0
-792 0
-793 0
-794 0
-795 0
-796 0
-797 0
-799 0
869 0
-861 0
-862 0
-863 0
-864 0
-865 0
-866 0
-867 0
-868 0
884 0
-881 0
-882 0
-883 0
-885 0
-886 0
-887 0
-888 0
-889 0
925 0
-921 0
-922 0
-923 0
-924 0
-926 0
-927 0
-928 0
-929 0
947 0
-941 0
-942 0
-943 0
-944 0
-945 0
-946 0
-948 0
-949 0
973 0
-971 0
-972 0
-974 0
-975 0
-976 0
-977 0
-978 0
-979 0
992 0
-991 0
-993 0
-994 0
-995 0
-996 0
-997 0
-998 0
-999 0
114 0
-111 0
-112 0
-113 0
-115 0
-116 0
-117 0
-118 0
-119 0
133 0
-131 0
-132 0
-134 0
-135 0
-136 0
-137 0
-138 0
-139 0
165 0
-161 0
-162 0
-163 0
-164 0
-166 0
-167 0
-168 0
-169 0
228 0
-221 0
-222 0
-223 0
-224 0
-225 0
-226 0
-227 0
-229 0
236 0
-231 0
-232 0
-233 0
-234 0
-235 0
-237 0
-238 0
-239 0
249 0
-241 0
-242 0
-243 0
-244 0
-245 0
-246 0
-247 0
-248 0
291 0
-292 0
-293 0
-294 0
-295 0
-296 0
-297 0
-298 0
-299 0
312 0
-311 0
-313 0
-314 0
-315 0
-316 0
-317 0
-318 0
-319 0
348 0
-341 0
-342 0
-343 0
-344 0
-345 0
-346 0
-347 0
-349 0
357 0
-351 0
-352 0
-353 0
-354 0
-355 0
-356 0
-358 0
-359 0
417 0
-411 0
-412 0
-413 0
-414 0
-415 0
-416 0
-418 0
-419 0
476 0
-471 0
-472 0
-473 0
-474 0
-475 0
-477 0
-478 0
-479 0
483 0
-481 0
-482 0
-484 0
-485 0
-486 0
-487 0
-488 0
-489 0
534 0
-531 0
-532 0
-533 0
-535 0
-536 0
-537 0
-538 0
-539 0
579 0
-571 0
-572 0
-573 0
-574 0
-575 0
-576 0
-577 0
-578 0
623 0
-621 0
-622 0
-624 0
-625 0
-626 0
-627 0
-628 0
-629 0
635 0
-631 0
-632 0
-633 0
-634 0
-636 0
-637 0
-638 0
-639 0
697 0
-691 0
-692 0
-693 0
-694 0
-695 0
-696 0
-698 0
-699 0
751 0
-752 0
-753 0
-754 0
-755 0
-756 0
-757 0
-758 0
-759 0
762 0
-761 0
-763 0
-764 0
-765 0
-766 0
-767 0
-768 0
-769 0
789 0
-781 0
-782 0
-783 0
-784 0
-785 0
-786 0
-787 0
-788 0
798 0
-791 0
-792 0
-793 0
-794 0
-795 0
-796 0
-797 0
-799 0
869 0
-861 0
-862 0
-863 0
-864 0
-865 0
-866 0
-867 0
-868 0
884 0
-881 0
-882 0
-883 0
-885 0
-886 0
-887 0
-888 0
-889 0
925 0
-921 0
-922 0
-923 0
-924 0
-926 0
-927 0
-928 0
-929 0
947 0
-941 0
-942 0
-943 0
-944 0
-945 0
-946 0
-948 0
-949 0
973 0
-971 0
-972 0
-974 0
-975 0
-976 0
-977 0
-978 0
-979 0
992 0
-991 0
-993 0
-994 0
-995 0
-996 0
-997 0
-998 0
-999 0
