114 0
-111 0
-112 0
-113 0
-115 0
-116 0
-117 0
-118 0
-119 0
235 0
-231 0
-232 0
-233 0
-234 0
-236 0
-237 0
-238 0
-239 0
247 0
-241 0
-242 0
-243 0
-244 0
-245 0
-246 0
-248 0
-249 0
294 0
-291 0
-292 0
-293 0
-295 0
-296 0
-297 0
-298 0
-299 0
342 0
-341 0
-343 0
-344 0
-345 0
-346 0
-347 0
-348 0
-349 0
364 0
-361 0
-362 0
-363 0
-365 0
-366 0
-367 0
-368 0
-369 0
383 0
-381 0
-382 0
-384 0
-385 0
-386 0
-387 0
-388 0
-389 0
399 0
-391 0
-392 0
-393 0
-394 0
-395 0
-396 0
-397 0
-398 0
436 0
-431 0
-432 0
-433 0
-434 0
-435 0
-437 0
-438 0
-439 0
458 0
-451 0
-452 0
-453 0
-454 0
-455 0
-456 0
-457 0
-459 0
469 0
-461 0
-462 0
-463 0
-464 0
-465 0
-466 0
-467 0
-468 0
472 0
-471 0
-473 0
-474 0
-475 0
-476 0
-477 0
-478 0
-479 0
484 0
-481 0
-482 0
-483 0
-485 0
-486 0
-487 0
-488 0
-489 0
541 0
-542 0
-543 0
-544 0
-545 0
-546 0
-547 0
-548 0
-549 0
562 0
-561 0
-563 0
-564 0
-565 0
-566 0
-567 0
-568 0
-569 0
621 0
-622 0
-623 0
-624 0
-625 0
-626 0
-627 0
-628 0
-629 0
634 0
-631 0
-632 0
-633 0
-635 0
-636 0
-637 0
-638 0
-639 0
646 0
-641 0
-642 0
-643 0
-644 0
-645 0
-647 0
-648 0
-649 0
657 0
-651 0
-652 0
-653 0
-654 0
-655 0
-656 0
-658 0
-659 0
678 0
-671 0
-672 0
-673 0
-674 0
-675 0
-676 0
-677 0
-679 0
749 0
-741 0
-742 0
-743 0
-744 0
-745 0
-746 0
-747 0
-748 0
763 0
-761 0
-762 0
-764 0
-765 0
-766 0
-767 0
-768 0
-769 0
831 0
-832 0
-833 0
-834 0
-835 0
-836 0
-837 0
-838 0
-839 0
867 0
-861 0
-862 0
-863 0
-864 0
-865 0
-866 0
-868 0
-869 0
879 0
-871 0
-872 0
-873 0
-874 0
-875 0
-876 0
-877 0
-878 0
928 0
-921 0
-922 0
-923 0
-924 0
-925 0
-926 0
-927 0
-929 0
939 0
-931 0
-932 0
-933 0
-934 0
-935 0
-936 0
-937 0
-938 0
996 0
-991 0
-992 0
-993 0
-994 0
-995 0
-997 0
-998 0
-999 0
