121 0
-122 0
-123 0
-124 0
-125 0
-126 0
-127 0
-128 0
-129 0
155 0
-151 0
-152 0
-153 0
-154 0
-156 0
-157 0
-158 0
-159 0
193 0
-191 0
-192 0
-194 0
-195 0
-196 0
-197 0
-198 0
-199 0
217 0
-211 0
-212 0
-213 0
-214 0
-215 0
-216 0
-218 0
-219 0
271 0
-272 0
-273 0
-274 0
-275 0
-276 0
-277 0
-278 0
-279 0
322 0
-321 0
-323 0
-324 0
-325 0
-326 0
-327 0
-328 0
-329 0
361 0
-362 0
-363 0
-364 0
-365 0
-366 0
-367 0
-368 0
-369 0
379 0
-371 0
-372 0
-373 0
-374 0
-375 0
-376 0
-377 0
-378 0
385 0
-381 0
-382 0
-383 0
-384 0
-386 0
-387 0
-388 0
-389 0
398 0
-391 0
-392 0
-393 0
-394 0
-395 0
-396 0
-397 0
-399 0
439 0
-431 0
-432 0
-433 0
-434 0
-435 0
-436 0
-437 0
-438 0
453 0
-451 0
-452 0
-454 0
-455 0
-456 0
-457 0
-458 0
-459 0
514 0
-511 0
-512 0
-513 0
-515 0
-516 0
-517 0
-518 0
-519 0
542 0
-541 0
-543 0
-544 0
-545 0
-546 0
-547 0
-548 0
-549 0
565 0
-561 0
-562 0
-563 0
-564 0
-566 0
-567 0
-568 0
-569 0
596 0
-591 0
-592 0
-593 0
-594 0
-595 0
-597 0
-598 0
-599 0
654 0
-651 0
-652 0
-653 0
-655 0
-656 0
-657 0
-658 0
-659 0
678 0
-671 0
-672 0
-673 0
-674 0
-675 0
-676 0
-677 0
-679 0
726 0
-721 0
-722 0
-723 0
-724 0
-725 0
-727 0
-728 0
-729 0
737 0
-731 0
-732 0
-733 0
-734 0
-735 0
-736 0
-738 0
-739 0
743 0
-741 0
-742 0
-744 0
-745 0
-746 0
-747 0
-748 0
-749 0
832 0
-831 0
-833 0
-834 0
-835 0
-836 0
-837 0
-838 0
-839 0
873 0
-871 0
-872 0
-874 0
-875 0
-876 0
-877 0
-878 0
-879 0
894 0
-891 0
-892 0
-893 0
-895 0
-896 0
-897 0
-898 0
-899 0
913 0
-911 0
-912 0
-914 0
-915 0
-916 0
-917 0
-918 0
-919 0
935 0
-931 0
-932 0
-933 0
-934 0
-936 0
-937 0
-938 0
-939 0
952 0
-951 0
-953 0
-954 0
-955 0
-956 0
-957 0
-958 0
-959 0
981 0
-982 0
-983 0
-984 0
-985 0
-986 0
-987 0
-988 0
-989 0
