167 0
-161 0
-162 0
-163 0
-164 0
-165 0
-166 0
-168 0
-169 0
178 0
-171 0
-172 0
-173 0
-174 0
-175 0
-176 0
-177 0
-179 0
223 0
-221 0
-222 0
-224 0
-225 0
-226 0
-227 0
-228 0
-229 0
244 0
-241 0
-242 0
-243 0
-245 0
-246 0
-247 0
-248 0
-249 0
258 0
-251 0
-252 0
-253 0
-254 0
-255 0
-256 0
-257 0
-259 0
299 0
-291 0
-292 0
-293 0
-294 0
-295 0
-296 0
-297 0
-298 0
349 0
-341 0
-342 0
-343 0
-344 0
-345 0
-346 0
-347 0
-348 0
353 0
-351 0
-352 0
-354 0
-355 0
-356 0
-357 0
-358 0
-359 0
365 0
-361 0
-362 0
-363 0
-364 0
-366 0
-367 0
-368 0
-369 0
381 0
-382 0
-383 0
-384 0
-385 0
-386 0
-387 0
-388 0
-389 0
412 0
-411 0
-413 0
-414 0
-415 0
-416 0
-417 0
-418 0
-419 0
459 0
-451 0
-452 0
-453 0
-454 0
-455 0
-456 0
-457 0
-458 0
485 0
-481 0
-482 0
-483 0
-484 0
-486 0
-487 0
-488 0
-489 0
525 0
-521 0
-522 0
-523 0
-524 0
-526 0
-527 0
-528 0
-529 0
543 0
-541 0
-542 0
-544 0
-545 0
-546 0
-547 0
-548 0
-549 0
562 0
-561 0
-563 0
-564 0
-565 0
-566 0
-567 0
-568 0
-569 0
586 0
-581 0
-582 0
-583 0
-584 0
-585 0
-587 0
-588 0
-589 0
624 0
-621 0
-622 0
-623 0
-625 0
-626 0
-627 0
-628 0
-629 0
655 0
-651 0
-652 0
-653 0
-654 0
-656 0
-657 0
-658 0
-659 0
692 0
-691 0
-693 0
-694 0
-695 0
-696 0
-697 0
-698 0
-699 0
728 0
-721 0
-722 0
-723 0
-724 0
-725 0
-726 0
-727 0
-729 0
745 0
-741 0
-742 0
-743 0
-744 0
-746 0
-747 0
-748 0
-749 0
752 0
-751 0
-753 0
-754 0
-755 0
-756 0
-757 0
-758 0
-759 0
763 0
-761 0
-762 0
-764 0
-765 0
-766 0
-767 0
-768 0
-769 0
811 0
-812 0
-813 0
-814 0
-815 0
-816 0
-817 0
-818 0
-819 0
854 0
-851 0
-852 0
-853 0
-855 0
-856 0
-857 0
-858 0
-859 0
869 0
-861 0
-862 0
-863 0
-864 0
-865 0
-866 0
-867 0
-868 0
883 0
-881 0
-882 0
-884 0
-885 0
-886 0
-887 0
-888 0
-889 0
934 0
-931 0
-932 0
-933 0
-935 0
-936 0
-937 0
-938 0
-939 0
947 0
-941 0
-942 0
-943 0
-944 0
-945 0
-946 0
-948 0
-949 0
167 0
-161 0
-162 0
-163 0
-164 0
-165 0
-166 0
-168 0
-169 0
178 0
-171 0
-172 0
-173 0
-174 0
-175 0
-176 0
-177 0
-179 0
223 0
-221 0
-222 0
-224 0
-225 0
-226 0
-227 0
-228 0
-229 0
244 0
-241 0
-242 0
-243 0
-245 0
-246 0
-247 0
-248 0
-249 0
258 0
-251 0
-252 0
-253 0
-254 0
-255 0
-256 0
-257 0
-259 0
299 0
-291 0
-292 0
-293 0
-294 0
-295 0
-296 0
-297 0
-298 0
349 0
-341 0
-342 0
-343 0
-344 0
-345 0
-346 0
-347 0
-348 0
353 0
-351 0
-352 0
-354 0
-355 0
-356 0
-357 0
-358 0
-359 0
365 0
-361 0
-362 0
-363 0
-364 0
-366 0
-367 0
-368 0
-369 0
381 0
-382 0
-383 0
-384 0
-385 0
-386 0
-387 0
-388 0
-389 0
412 0
-411 0
-413 0
-414 0
-415 0
-416 0
-417 0
-418 0
-419 0
459 0
-451 0
-452 0
-453 0
-454 0
-455 0
-456 0
-457 0
-458 0
485 0
-481 0
-482 0
-483 0
-484 0
-486 0
-487 0
-488 0
-489 0
525 0
-521 0
-522 0
-523 0
-524 0
-526 0
-527 0
-528 0
-529 0
543 0
-541 0
-542 0
-544 0
-545 0
-546 0
-547 0
-548 0
-549 0
562 0
-561 0
-563 0
-564 0
-565 0
-566 0
-567 0
-568 0
-569 0
586 0
-581 0
-582 0
-583 0
-584 0
-585 0
-587 0
-588 0
-589 0
624 0
-621 0
-622 0
-623 0
-625 0
-626 0
-627 0
-628 0
-629 0
655 0
-651 0
-652 0
-653 0
-654 0
-656 0
-657 0
-658 0
-659 0
692 0
-691 0
-693 0
-694 0
-695 0
-696 0
-697 0
-698 0
-699 0
728 0
-721 0
-722 0
-723 0
-724 0
-725 0
-726 0
-727 0
-729 0
745 0
-741 0
-742 0
-743 0
-744 0
-746 0
-747 0
-748 0
-749 0
752 0
-751 0
-753 0
-754 0
-755 0
-756 0
-757 0
-758 0
-759 0
763 0
-761 0
-762 0
-764 0
-765 0
-766 0
-767 0
-768 0
-769 0
811 0
-812 0
-813 0
-814 0
-815 0
-816 0
-817 0
-818 0
-819 0
854 0
-851 0
-852 0
-853 0
-855 0
-856 0
-857 0
-858 0
-859 0
869 0
-861 0
-862 0
-863 0
-864 0
-865 0
-866 0
-867 0
-868 0
883 0
-881 0
-882 0
-884 0
-885 0
-886 0
-887 0
-888 0
-889 0
934 0
-931 0
-932 0
-933 0
-935 0
-936 0
-937 0
-938 0
-939 0
947 0
-941 0
-942 0
-943 0
-944 0
-945 0
-946 0
-948 0
-949 0
