163 0
-161 0
-162 0
-164 0
-165 0
-166 0
-167 0
-168 0
-169 0
218 0
-211 0
-212 0
-213 0
-214 0
-215 0
-216 0
-217 0
-219 0
231 0
-232 0
-233 0
-234 0
-235 0
-236 0
-237 0
-238 0
-239 0
262 0
-261 0
-263 0
-264 0
-265 0
-266 0
-267 0
-268 0
-269 0
276 0
-271 0
-272 0
-273 0
-274 0
-275 0
-277 0
-278 0
-279 0
293 0
-291 0
-292 0
-294 0
-295 0
-296 0
-297 0
-298 0
-299 0
316 0
-311 0
-312 0
-313 0
-314 0
-315 0
-317 0
-318 0
-319 0
325 0
-321 0
-322 0
-323 0
-324 0
-326 0
-327 0
-328 0
-329 0
359 0
-351 0
-352 0
-353 0
-354 0
-355 0
-356 0
-357 0
-358 0
382 0
-381 0
-383 0
-384 0
-385 0
-386 0
-387 0
-388 0
-389 0
397 0
-391 0
-392 0
-393 0
-394 0
-395 0
-396 0
-398 0
-399 0
415 0
-411 0
-412 0
-413 0
-414 0
-416 0
-417 0
-418 0
-419 0
421 0
-422 0
-423 0
-424 0
-425 0
-426 0
-427 0
-428 0
-429 0
536 0
-531 0
-532 0
-533 0
-534 0
-535 0
-537 0
-538 0
-539 0
579 0
-571 0
-572 0
-573 0
-574 0
-575 0
-576 0
-577 0
-578 0
681 0
-682 0
-683 0
-684 0
-685 0
-686 0
-687 0
-688 0
-689 0
692 0
-691 0
-693 0
-694 0
-695 0
-696 0
-697 0
-698 0
-699 0
711 0
-712 0
-713 0
-714 0
-715 0
-716 0
-717 0
-718 0
-719 0
723 0
-721 0
-722 0
-724 0
-725 0
-726 0
-727 0
-728 0
-729 0
756 0
-751 0
-752 0
-753 0
-754 0
-755 0
-757 0
-758 0
-759 0
788 0
-781 0
-782 0
-783 0
-784 0
-785 0
-786 0
-787 0
-789 0
795 0
-791 0
-792 0
-793 0
-794 0
-796 0
-797 0
-798 0
-799 0
819 0
-811 0
-812 0
-813 0
-814 0
-815 0
-816 0
-817 0
-818 0
838 0
-831 0
-832 0
-833 0
-834 0
-835 0
-836 0
-837 0
-839 0
845 0
-841 0
-842 0
-843 0
-844 0
-846 0
-847 0
-848 0
-849 0
872 0
-871 0
-873 0
-874 0
-875 0
-876 0
-877 0
-878 0
-879 0
891 0
-892 0
-893 0
-894 0
-895 0
-896 0
-897 0
-898 0
-899 0
947 0
-941 0
-942 0
-943 0
-944 0
-945 0
-946 0
-948 0
-949 0
