119 0
-111 0
-112 0
-113 0
-114 0
-115 0
-116 0
-117 0
-118 0
142 0
-141 0
-143 0
-144 0
-145 0
-146 0
-147 0
-148 0
-149 0
156 0
-151 0
-152 0
-153 0
-154 0
-155 0
-157 0
-158 0
-159 0
163 0
-161 0
-162 0
-164 0
-165 0
-166 0
-167 0
-168 0
-169 0
198 0
-191 0
-192 0
-193 0
-194 0
-195 0
-196 0
-197 0
-199 0
214 0
-211 0
-212 0
-213 0
-215 0
-216 0
-217 0
-218 0
-219 0
237 0
-231 0
-232 0
-233 0
-234 0
-235 0
-236 0
-238 0
-239 0
344 0
-341 0
-342 0
-343 0
-345 0
-346 0
-347 0
-348 0
-349 0
368 0
-361 0
-362 0
-363 0
-364 0
-365 0
-366 0
-367 0
-369 0
416 0
-411 0
-412 0
-413 0
-414 0
-415 0
-417 0
-418 0
-419 0
433 0
-431 0
-432 0
-434 0
-435 0
-436 0
-437 0
-438 0
-439 0
451 0
-452 0
-453 0
-454 0
-455 0
-456 0
-457 0
-458 0
-459 0
479 0
-471 0
-472 0
-473 0
-474 0
-475 0
-476 0
-477 0
-478 0
497 0
-491 0
-492 0
-493 0
-494 0
-495 0
-496 0
-498 0
-499 0
517 0
-511 0
-512 0
-513 0
-514 0
-515 0
-516 0
-518 0
-519 0
592 0
-591 0
-593 0
-594 0
-595 0
-596 0
-597 0
-598 0
-599 0
611 0
-612 0
-613 0
-614 0
-615 0
-616 0
-617 0
-618 0
-619 0
638 0
-631 0
-632 0
-633 0
-634 0
-635 0
-636 0
-637 0
-639 0
652 0
-651 0
-653 0
-654 0
-655 0
-656 0
-657 0
-658 0
-659 0
676 0
-671 0
-672 0
-673 0
-674 0
-675 0
-677 0
-678 0
-679 0
695 0
-691 0
-692 0
-693 0
-694 0
-696 0
-697 0
-698 0
-699 0
747 0
-741 0
-742 0
-743 0
-744 0
-745 0
-746 0
-748 0
-749 0
762 0
-761 0
-763 0
-764 0
-765 0
-766 0
-767 0
-768 0
-769 0
872 0
-871 0
-873 0
-874 0
-875 0
-876 0
-877 0
-878 0
-879 0
894 0
-891 0
-892 0
-893 0
-895 0
-896 0
-897 0
-898 0
-899 0
912 0
-911 0
-913 0
-914 0
-915 0
-916 0
-917 0
-918 0
-919 0
948 0
-941 0
-942 0
-943 0
-944 0
-945 0
-946 0
-947 0
-949 0
954 0
-951 0
-952 0
-953 0
-955 0
-956 0
-957 0
-958 0
-959 0
966 0
-961 0
-962 0
-963 0
-964 0
-965 0
-967 0
-968 0
-969 0
993 0
-991 0
-992 0
-994 0
-995 0
-996 0
-997 0
-998 0
-999 0
119 0
-111 0
-112 0
-113 0
-114 0
-115 0
-116 0
-117 0
-118 0
142 0
-141 0
-143 0
-144 0
-145 0
-146 0
-147 0
-148 0
-149 0
156 0
-151 0
-152 0
-153 0
-154 0
-155 0
-157 0
-158 0
-159 0
163 0
-161 0
-162 0
-164 0
-165 0
-166 0
-167 0
-168 0
-169 0
198 0
-191 0
-192 0
-193 0
-194 0
-195 0
-196 0
-197 0
-199 0
214 0
-211 0
-212 0
-213 0
-215 0
-216 0
-217 0
-218 0
-219 0
237 0
-231 0
-232 0
-233 0
-234 0
-235 0
-236 0
-238 0
-239 0
344 0
-341 0
-342 0
-343 0
-345 0
-346 0
-347 0
-348 0
-349 0
368 0
-361 0
-362 0
-363 0
-364 0
-365 0
-366 0
-367 0
-369 0
416 0
-411 0
-412 0
-413 0
-414 0
-415 0
-417 0
-418 0
-419 0
433 0
-431 0
-432 0
-434 0
-435 0
-436 0
-437 0
-438 0
-439 0
451 0
-452 0
-453 0
-454 0
-455 0
-456 0
-457 0
-458 0
-459 0
479 0
-471 0
-472 0
-473 0
-474 0
-475 0
-476 0
-477 0
-478 0
497 0
-491 0
-492 0
-493 0
-494 0
-495 0
-496 0
-498 0
-499 0
517 0
-511 0
-512 0
-513 0
-514 0
-515 0
-516 0
-518 0
-519 0
592 0
-591 0
-593 0
-594 0
-595 0
-596 0
-597 0
-598 0
-599 0
611 0
-612 0
-613 0
-614 0
-615 0
-616 0
-617 0
-618 0
-619 0
638 0
-631 0
-632 0
-633 0
-634 0
-635 0
-636 0
-637 0
-639 0
652 0
-651 0
-653 0
-654 0
-655 0
-656 0
-657 0
-658 0
-659 0
676 0
-671 0
-672 0
-673 0
-674 0
-675 0
-677 0
-678 0
-679 0
695 0
-691 0
-692 0
-693 0
-694 0
-696 0
-697 0
-698 0
-699 0
747 0
-741 0
-742 0
-743 0
-744 0
-745 0
-746 0
-748 0
-749 0
762 0
-761 0
-763 0
-764 0
-765 0
-766 0
-767 0
-768 0
-769 0
872 0
-871 0
-873 0
-874 0
-875 0
-876 0
-877 0
-878 0
-879 0
894 0
-891 0
-892 0
-893 0
-895 0
-896 0
-897 0
-898 0
-899 0
912 0
-911 0
-913 0
-914 0
-915 0
-916 0
-917 0
-918 0
-919 0
948 0
-941 0
-942 0
-943 0
-944 0
-945 0
-946 0
-947 0
-949 0
954 0
-951 0
-952 0
-953 0
-955 0
-956 0
-957 0
-958 0
-959 0
966 0
-961 0
-962 0
-963 0
-964 0
-965 0
-967 0
-968 0
-969 0
993 0
-991 0
-992 0
-994 0
-995 0
-996 0
-997 0
-998 0
-999 0
