126 0
-121 0
-122 0
-123 0
-124 0
-125 0
-127 0
-128 0
-129 0
131 0
-132 0
-133 0
-134 0
-135 0
-136 0
-137 0
-138 0
-139 0
143 0
-141 0
-142 0
-144 0
-145 0
-146 0
-147 0
-148 0
-149 0
174 0
-171 0
-172 0
-173 0
-175 0
-176 0
-177 0
-178 0
-179 0
182 0
-181 0
-183 0
-184 0
-185 0
-186 0
-187 0
-188 0
-189 0
224 0
-221 0
-222 0
-223 0
-225 0
-226 0
-227 0
-228 0
-229 0
252 0
-251 0
-253 0
-254 0
-255 0
-256 0
-257 0
-258 0
-259 0
265 0
-261 0
-262 0
-263 0
-264 0
-266 0
-267 0
-268 0
-269 0
287 0
-281 0
-282 0
-283 0
-284 0
-285 0
-286 0
-288 0
-289 0
341 0
-342 0
-343 0
-344 0
-345 0
-346 0
-347 0
-348 0
-349 0
419 0
-411 0
-412 0
-413 0
-414 0
-415 0
-416 0
-417 0
-418 0
432 0
-431 0
-433 0
-434 0
-435 0
-436 0
-437 0
-438 0
-439 0
481 0
-482 0
-483 0
-484 0
-485 0
-486 0
-487 0
-488 0
-489 0
517 0
-511 0
-512 0
-513 0
-514 0
-515 0
-516 0
-518 0
-519 0
598 0
-591 0
-592 0
-593 0
-594 0
-595 0
-596 0
-597 0
-599 0
628 0
-621 0
-622 0
-623 0
-624 0
-625 0
-626 0
-627 0
-629 0
672 0
-671 0
-673 0
-674 0
-675 0
-676 0
-677 0
-678 0
-679 0
694 0
-691 0
-692 0
-693 0
-695 0
-696 0
-697 0
-698 0
-699 0
746 0
-741 0
-742 0
-743 0
-744 0
-745 0
-747 0
-748 0
-749 0
823 0
-821 0
-822 0
-824 0
-825 0
-826 0
-827 0
-828 0
-829 0
855 0
-851 0
-852 0
-853 0
-854 0
-856 0
-857 0
-858 0
-859 0
864 0
-861 0
-862 0
-863 0
-865 0
-866 0
-867 0
-868 0
-869 0
889 0
-881 0
-882 0
-883 0
-884 0
-885 0
-886 0
-887 0
-888 0
922 0
-921 0
-923 0
-924 0
-925 0
-926 0
-927 0
-928 0
-929 0
938 0
-931 0
-932 0
-933 0
-934 0
-935 0
-936 0
-937 0
-939 0
947 0
-941 0
-942 0
-943 0
-944 0
-945 0
-946 0
-948 0
-949 0
976 0
-971 0
-972 0
-973 0
-974 0
-975 0
-977 0
-978 0
-979 0
984 0
-981 0
-982 0
-983 0
-985 0
-986 0
-987 0
-988 0
-989 0
126 0
-121 0
-122 0
-123 0
-124 0
-125 0
-127 0
-128 0
-129 0
131 0
-132 0
-133 0
-134 0
-135 0
-136 0
-137 0
-138 0
-139 0
143 0
-141 0
-142 0
-144 0
-145 0
-146 0
-147 0
-148 0
-149 0
174 0
-171 0
-172 0
-173 0
-175 0
-176 0
-177 0
-178 0
-179 0
182 0
-181 0
-183 0
-184 0
-185 0
-186 0
-187 0
-188 0
-189 0
224 0
-221 0
-222 0
-223 0
-225 0
-226 0
-227 0
-228 0
-229 0
252 0
-251 0
-253 0
-254 0
-255 0
-256 0
-257 0
-258 0
-259 0
265 0
-261 0
-262 0
-263 0
-264 0
-266 0
-267 0
-268 0
-269 0
287 0
-281 0
-282 0
-283 0
-284 0
-285 0
-286 0
-288 0
-289 0
341 0
-342 0
-343 0
-344 0
-345 0
-346 0
-347 0
-348 0
-349 0
419 0
-411 0
-412 0
-413 0
-414 0
-415 0
-416 0
-417 0
-418 0
432 0
-431 0
-433 0
-434 0
-435 0
-436 0
-437 0
-438 0
-439 0
481 0
-482 0
-483 0
-484 0
-485 0
-486 0
-487 0
-488 0
-489 0
517 0
-511 0
-512 0
-513 0
-514 0
-515 0
-516 0
-518 0
-519 0
598 0
-591 0
-592 0
-593 0
-594 0
-595 0
-596 0
-597 0
-599 0
628 0
-621 0
-622 0
-623 0
-624 0
-625 0
-626 0
-627 0
-629 0
672 0
-671 0
-673 0
-674 0
-675 0
-676 0
-677 0
-678 0
-679 0
694 0
-691 0
-692 0
-693 0
-695 0
-696 0
-697 0
-698 0
-699 0
746 0
-741 0
-742 0
-743 0
-744 0
-745 0
-747 0
-748 0
-749 0
823 0
-821 0
-822 0
-824 0
-825 0
-826 0
-827 0
-828 0
-829 0
855 0
-851 0
-852 0
-853 0
-854 0
-856 0
-857 0
-858 0
-859 0
864 0
-861 0
-862 0
-863 0
-865 0
-866 0
-867 0
-868 0
-869 0
889 0
-881 0
-882 0
-883 0
-884 0
-885 0
-886 0
-887 0
-888 0
922 0
-921 0
-923 0
-924 0
-925 0
-926 0
-927 0
-928 0
-929 0
938 0
-931 0
-932 0
-933 0
-934 0
-935 0
-936 0
-937 0
-939 0
947 0
-941 0
-942 0
-943 0
-944 0
-945 0
-946 0
-948 0
-949 0
976 0
-971 0
-972 0
-973 0
-974 0
-975 0
-977 0
-978 0
-979 0
984 0
-981 0
-982 0
-983 0
-985 0
-986 0
-987 0
-988 0
-989 0
