143 0
-141 0
-142 0
-144 0
-145 0
-146 0
-147 0
-148 0
-149 0
159 0
-151 0
-152 0
-153 0
-154 0
-155 0
-156 0
-157 0
-158 0
187 0
-181 0
-182 0
-183 0
-184 0
-185 0
-186 0
-188 0
-189 0
261 0
-262 0
-263 0
-264 0
-265 0
-266 0
-267 0
-268 0
-269 0
282 0
-281 0
-283 0
-284 0
-285 0
-286 0
-287 0
-288 0
-289 0
318 0
-311 0
-312 0
-313 0
-314 0
-315 0
-316 0
-317 0
-319 0
362 0
-361 0
-363 0
-364 0
-365 0
-366 0
-367 0
-368 0
-369 0
379 0
-371 0
-372 0
-373 0
-374 0
-375 0
-376 0
-377 0
-378 0
395 0
-391 0
-392 0
-393 0
-394 0
-396 0
-397 0
-398 0
-399 0
423 0
-421 0
-422 0
-424 0
-425 0
-426 0
-427 0
-428 0
-429 0
449 0
-441 0
-442 0
-443 0
-444 0
-445 0
-446 0
-447 0
-448 0
488 0
-481 0
-482 0
-483 0
-484 0
-485 0
-486 0
-487 0
-489 0
555 0
-551 0
-552 0
-553 0
-554 0
-556 0
-557 0
-558 0
-559 0
612 0
-611 0
-613 0
-614 0
-615 0
-616 0
-617 0
-618 0
-619 0
625 0
-621 0
-622 0
-623 0
-624 0
-626 0
-627 0
-628 0
-629 0
668 0
-661 0
-662 0
-663 0
-664 0
-665 0
-666 0
-667 0
-669 0
684 0
-681 0
-682 0
-683 0
-685 0
-686 0
-687 0
-688 0
-689 0
697 0
-691 0
-692 0
-693 0
-694 0
-695 0
-696 0
-698 0
-699 0
736 0
-731 0
-732 0
-733 0
-734 0
-735 0
-737 0
-738 0
-739 0
765 0
-761 0
-762 0
-763 0
-764 0
-766 0
-767 0
-768 0
-769 0
811 0
-812 0
-813 0
-814 0
-815 0
-816 0
-817 0
-818 0
-819 0
827 0
-821 0
-822 0
-823 0
-824 0
-825 0
-826 0
-828 0
-829 0
866 0
-861 0
-862 0
-863 0
-864 0
-865 0
-867 0
-868 0
-869 0
932 0
-931 0
-933 0
-934 0
-935 0
-936 0
-937 0
-938 0
-939 0
948 0
-941 0
-942 0
-943 0
-944 0
-945 0
-946 0
-947 0
-949 0
951 0
-952 0
-953 0
-954 0
-955 0
-956 0
-957 0
-958 0
-959 0
977 0
-971 0
-972 0
-973 0
-974 0
-975 0
-976 0
-978 0
-979 0
143 0
-141 0
-142 0
-144 0
-145 0
-146 0
-147 0
-148 0
-149 0
159 0
-151 0
-152 0
-153 0
-154 0
-155 0
-156 0
-157 0
-158 0
187 0
-181 0
-182 0
-183 0
-184 0
-185 0
-186 0
-188 0
-189 0
261 0
-262 0
-263 0
-264 0
-265 0
-266 0
-267 0
-268 0
-269 0
282 0
-281 0
-283 0
-284 0
-285 0
-286 0
-287 0
-288 0
-289 0
318 0
-311 0
-312 0
-313 0
-314 0
-315 0
-316 0
-317 0
-319 0
362 0
-361 0
-363 0
-364 0
-365 0
-366 0
-367 0
-368 0
-369 0
379 0
-371 0
-372 0
-373 0
-374 0
-375 0
-376 0
-377 0
-378 0
395 0
-391 0
-392 0
-393 0
-394 0
-396 0
-397 0
-398 0
-399 0
423 0
-421 0
-422 0
-424 0
-425 0
-426 0
-427 0
-428 0
-429 0
449 0
-441 0
-442 0
-443 0
-444 0
-445 0
-446 0
-447 0
-448 0
488 0
-481 0
-482 0
-483 0
-484 0
-485 0
-486 0
-487 0
-489 0
555 0
-551 0
-552 0
-553 0
-554 0
-556 0
-557 0
-558 0
-559 0
612 0
-611 0
-613 0
-614 0
-615 0
-616 0
-617 0
-618 0
-619 0
625 0
-621 0
-622 0
-623 0
-624 0
-626 0
-627 0
-628 0
-629 0
668 0
-661 0
-662 0
-663 0
-664 0
-665 0
-666 0
-667 0
-669 0
684 0
-681 0
-682 0
-683 0
-685 0
-686 0
-687 0
-688 0
-689 0
697 0
-691 0
-692 0
-693 0
-694 0
-695 0
-696 0
-698 0
-699 0
736 0
-731 0
-732 0
-733 0
-734 0
-735 0
-737 0
-738 0
-739 0
765 0
-761 0
-762 0
-763 0
-764 0
-766 0
-767 0
-768 0
-769 0
811 0
-812 0
-813 0
-814 0
-815 0
-816 0
-817 0
-818 0
-819 0
827 0
-821 0
-822 0
-823 0
-824 0
-825 0
-826 0
-828 0
-829 0
866 0
-861 0
-862 0
-863 0
-864 0
-865 0
-867 0
-868 0
-869 0
932 0
-931 0
-933 0
-934 0
-935 0
-936 0
-937 0
-938 0
-939 0
948 0
-941 0
-942 0
-943 0
-944 0
-945 0
-946 0
-947 0
-949 0
951 0
-952 0
-953 0
-954 0
-955 0
-956 0
-957 0
-958 0
-959 0
977 0
-971 0
-972 0
-973 0
-974 0
-975 0
-976 0
-978 0
-979 0
