116 0
-111 0
-112 0
-113 0
-114 0
-115 0
-117 0
-118 0
-119 0
147 0
-141 0
-142 0
-143 0
-144 0
-145 0
-146 0
-148 0
-149 0
165 0
-161 0
-162 0
-163 0
-164 0
-166 0
-167 0
-168 0
-169 0
224 0
-221 0
-222 0
-223 0
-225 0
-226 0
-227 0
-228 0
-229 0
315 0
-311 0
-312 0
-313 0
-314 0
-316 0
-317 0
-318 0
-319 0
331 0
-332 0
-333 0
-334 0
-335 0
-336 0
-337 0
-338 0
-339 0
343 0
-341 0
-342 0
-344 0
-345 0
-346 0
-347 0
-348 0
-349 0
359 0
-351 0
-352 0
-353 0
-354 0
-355 0
-356 0
-357 0
-358 0
366 0
-361 0
-362 0
-363 0
-364 0
-365 0
-367 0
-368 0
-369 0
418 0
-411 0
-412 0
-413 0
-414 0
-415 0
-416 0
-417 0
-419 0
439 0
-431 0
-432 0
-433 0
-434 0
-435 0
-436 0
-437 0
-438 0
441 0
-442 0
-443 0
-444 0
-445 0
-446 0
-447 0
-448 0
-449 0
476 0
-471 0
-472 0
-473 0
-474 0
-475 0
-477 0
-478 0
-479 0
497 0
-491 0
-492 0
-493 0
-494 0
-495 0
-496 0
-498 0
-499 0
537 0
-531 0
-532 0
-533 0
-534 0
-535 0
-536 0
-538 0
-539 0
572 0
-571 0
-573 0
-574 0
-575 0
-576 0
-577 0
-578 0
-579 0
611 0
-612 0
-613 0
-614 0
-615 0
-616 0
-617 0
-618 0
-619 0
636 0
-631 0
-632 0
-633 0
-634 0
-635 0
-637 0
-638 0
-639 0
669 0
-661 0
-662 0
-663 0
-664 0
-665 0
-666 0
-667 0
-668 0
675 0
-671 0
-672 0
-673 0
-674 0
-676 0
-677 0
-678 0
-679 0
698 0
-691 0
-692 0
-693 0
-694 0
-695 0
-696 0
-697 0
-699 0
744 0
-741 0
-742 0
-743 0
-745 0
-746 0
-747 0
-748 0
-749 0
753 0
-751 0
-752 0
-754 0
-755 0
-756 0
-757 0
-758 0
-759 0
767 0
-761 0
-762 0
-763 0
-764 0
-765 0
-766 0
-768 0
-769 0
771 0
-772 0
-773 0
-774 0
-775 0
-776 0
-777 0
-778 0
-779 0
886 0
-881 0
-882 0
-883 0
-884 0
-885 0
-887 0
-888 0
-889 0
945 0
-941 0
-942 0
-943 0
-944 0
-946 0
-947 0
-948 0
-949 0
962 0
-961 0
-963 0
-964 0
-965 0
-966 0
-967 0
-968 0
-969 0
974 0
-971 0
-972 0
-973 0
-975 0
-976 0
-977 0
-978 0
-979 0
999 0
-991 0
-992 0
-993 0
-994 0
-995 0
-996 0
-997 0
-998 0
116 0
-111 0
-112 0
-113 0
-114 0
-115 0
-117 0
-118 0
-119 0
147 0
-141 0
-142 0
-143 0
-144 0
-145 0
-146 0
-148 0
-149 0
165 0
-161 0
-162 0
-163 0
-164 0
-166 0
-167 0
-168 0
-169 0
224 0
-221 0
-222 0
-223 0
-225 0
-226 0
-227 0
-228 0
-229 0
315 0
-311 0
-312 0
-313 0
-314 0
-316 0
-317 0
-318 0
-319 0
331 0
-332 0
-333 0
-334 0
-335 0
-336 0
-337 0
-338 0
-339 0
343 0
-341 0
-342 0
-344 0
-345 0
-346 0
-347 0
-348 0
-349 0
359 0
-351 0
-352 0
-353 0
-354 0
-355 0
-356 0
-357 0
-358 0
366 0
-361 0
-362 0
-363 0
-364 0
-365 0
-367 0
-368 0
-369 0
418 0
-411 0
-412 0
-413 0
-414 0
-415 0
-416 0
-417 0
-419 0
439 0
-431 0
-432 0
-433 0
-434 0
-435 0
-436 0
-437 0
-438 0
441 0
-442 0
-443 0
-444 0
-445 0
-446 0
-447 0
-448 0
-449 0
476 0
-471 0
-472 0
-473 0
-474 0
-475 0
-477 0
-478 0
-479 0
497 0
-491 0
-492 0
-493 0
-494 0
-495 0
-496 0
-498 0
-499 0
537 0
-531 0
-532 0
-533 0
-534 0
-535 0
-536 0
-538 0
-539 0
572 0
-571 0
-573 0
-574 0
-575 0
-576 0
-577 0
-578 0
-579 0
611 0
-612 0
-613 0
-614 0
-615 0
-616 0
-617 0
-618 0
-619 0
636 0
-631 0
-632 0
-633 0
-634 0
-635 0
-637 0
-638 0
-639 0
669 0
-661 0
-662 0
-663 0
-664 0
-665 0
-666 0
-667 0
-668 0
675 0
-671 0
-672 0
-673 0
-674 0
-676 0
-677 0
-678 0
-679 0
698 0
-691 0
-692 0
-693 0
-694 0
-695 0
-696 0
-697 0
-699 0
744 0
-741 0
-742 0
-743 0
-745 0
-746 0
-747 0
-748 0
-749 0
753 0
-751 0
-752 0
-754 0
-755 0
-756 0
-757 0
-758 0
-759 0
767 0
-761 0
-762 0
-763 0
-764 0
-765 0
-766 0
-768 0
-769 0
771 0
-772 0
-773 0
-774 0
-775 0
-776 0
-777 0
-778 0
-779 0
886 0
-881 0
-882 0
-883 0
-884 0
-885 0
-887 0
-888 0
-889 0
945 0
-941 0
-942 0
-943 0
-944 0
-946 0
-947 0
-948 0
-949 0
962 0
-961 0
-963 0
-964 0
-965 0
-966 0
-967 0
-968 0
-969 0
974 0
-971 0
-972 0
-973 0
-975 0
-976 0
-977 0
-978 0
-979 0
999 0
-991 0
-992 0
-993 0
-994 0
-995 0
-996 0
-997 0
-998 0
