126 0
-121 0
-122 0
-123 0
-124 0
-125 0
-127 0
-128 0
-129 0
144 0
-141 0
-142 0
-143 0
-145 0
-146 0
-147 0
-148 0
-149 0
152 0
-151 0
-153 0
-154 0
-155 0
-156 0
-157 0
-158 0
-159 0
183 0
-181 0
-182 0
-184 0
-185 0
-186 0
-187 0
-188 0
-189 0
213 0
-211 0
-212 0
-214 0
-215 0
-216 0
-217 0
-218 0
-219 0
259 0
-251 0
-252 0
-253 0
-254 0
-255 0
-256 0
-257 0
-258 0
297 0
-291 0
-292 0
-293 0
-294 0
-295 0
-296 0
-298 0
-299 0
339 0
-331 0
-332 0
-333 0
-334 0
-335 0
-336 0
-337 0
-338 0
346 0
-341 0
-342 0
-343 0
-344 0
-345 0
-347 0
-348 0
-349 0
363 0
-361 0
-362 0
-364 0
-365 0
-366 0
-367 0
-368 0
-369 0
371 0
-372 0
-373 0
-374 0
-375 0
-376 0
-377 0
-378 0
-379 0
437 0
-431 0
-432 0
-433 0
-434 0
-435 0
-436 0
-438 0
-439 0
472 0
-471 0
-473 0
-474 0
-475 0
-476 0
-477 0
-478 0
-479 0
496 0
-491 0
-492 0
-493 0
-494 0
-495 0
-497 0
-498 0
-499 0
516 0
-511 0
-512 0
-513 0
-514 0
-515 0
-517 0
-518 0
-519 0
525 0
-521 0
-522 0
-523 0
-524 0
-526 0
-527 0
-528 0
-529 0
584 0
-581 0
-582 0
-583 0
-585 0
-586 0
-587 0
-588 0
-589 0
591 0
-592 0
-593 0
-594 0
-595 0
-596 0
-597 0
-598 0
-599 0
611 0
-612 0
-613 0
-614 0
-615 0
-616 0
-617 0
-618 0
-619 0
633 0
-631 0
-632 0
-634 0
-635 0
-636 0
-637 0
-638 0
-639 0
679 0
-671 0
-672 0
-673 0
-674 0
-675 0
-676 0
-677 0
-678 0
735 0
-731 0
-732 0
-733 0
-734 0
-736 0
-737 0
-738 0
-739 0
747 0
-741 0
-742 0
-743 0
-744 0
-745 0
-746 0
-748 0
-749 0
761 0
-762 0
-763 0
-764 0
-765 0
-766 0
-767 0
-768 0
-769 0
776 0
-771 0
-772 0
-773 0
-774 0
-775 0
-777 0
-778 0
-779 0
819 0
-811 0
-812 0
-813 0
-814 0
-815 0
-816 0
-817 0
-818 0
853 0
-851 0
-852 0
-854 0
-855 0
-856 0
-857 0
-858 0
-859 0
895 0
-891 0
-892 0
-893 0
-894 0
-896 0
-897 0
-898 0
-899 0
921 0
-922 0
-923 0
-924 0
-925 0
-926 0
-927 0
-928 0
-929 0
954 0
-951 0
-952 0
-953 0
-955 0
-956 0
-957 0
-958 0
-959 0
965 0
-961 0
-962 0
-963 0
-964 0
-966 0
-967 0
-968 0
-969 0
988 0
-981 0
-982 0
-983 0
-984 0
-985 0
-986 0
-987 0
-989 0
126 0
-121 0
-122 0
-123 0
-124 0
-125 0
-127 0
-128 0
-129 0
144 0
-141 0
-142 0
-143 0
-145 0
-146 0
-147 0
-148 0
-149 0
152 0
-151 0
-153 0
-154 0
-155 0
-156 0
-157 0
-158 0
-159 0
183 0
-181 0
-182 0
-184 0
-185 0
-186 0
-187 0
-188 0
-189 0
213 0
-211 0
-212 0
-214 0
-215 0
-216 0
-217 0
-218 0
-219 0
259 0
-251 0
-252 0
-253 0
-254 0
-255 0
-256 0
-257 0
-258 0
297 0
-291 0
-292 0
-293 0
-294 0
-295 0
-296 0
-298 0
-299 0
339 0
-331 0
-332 0
-333 0
-334 0
-335 0
-336 0
-337 0
-338 0
346 0
-341 0
-342 0
-343 0
-344 0
-345 0
-347 0
-348 0
-349 0
363 0
-361 0
-362 0
-364 0
-365 0
-366 0
-367 0
-368 0
-369 0
371 0
-372 0
-373 0
-374 0
-375 0
-376 0
-377 0
-378 0
-379 0
437 0
-431 0
-432 0
-433 0
-434 0
-435 0
-436 0
-438 0
-439 0
472 0
-471 0
-473 0
-474 0
-475 0
-476 0
-477 0
-478 0
-479 0
496 0
-491 0
-492 0
-493 0
-494 0
-495 0
-497 0
-498 0
-499 0
516 0
-511 0
-512 0
-513 0
-514 0
-515 0
-517 0
-518 0
-519 0
525 0
-521 0
-522 0
-523 0
-524 0
-526 0
-527 0
-528 0
-529 0
584 0
-581 0
-582 0
-583 0
-585 0
-586 0
-587 0
-588 0
-589 0
591 0
-592 0
-593 0
-594 0
-595 0
-596 0
-597 0
-598 0
-599 0
611 0
-612 0
-613 0
-614 0
-615 0
-616 0
-617 0
-618 0
-619 0
633 0
-631 0
-632 0
-634 0
-635 0
-636 0
-637 0
-638 0
-639 0
679 0
-671 0
-672 0
-673 0
-674 0
-675 0
-676 0
-677 0
-678 0
735 0
-731 0
-732 0
-733 0
-734 0
-736 0
-737 0
-738 0
-739 0
747 0
-741 0
-742 0
-743 0
-744 0
-745 0
-746 0
-748 0
-749 0
761 0
-762 0
-763 0
-764 0
-765 0
-766 0
-767 0
-768 0
-769 0
776 0
-771 0
-772 0
-773 0
-774 0
-775 0
-777 0
-778 0
-779 0
819 0
-811 0
-812 0
-813 0
-814 0
-815 0
-816 0
-817 0
-818 0
853 0
-851 0
-852 0
-854 0
-855 0
-856 0
-857 0
-858 0
-859 0
895 0
-891 0
-892 0
-893 0
-894 0
-896 0
-897 0
-898 0
-899 0
921 0
-922 0
-923 0
-924 0
-925 0
-926 0
-927 0
-928 0
-929 0
954 0
-951 0
-952 0
-953 0
-955 0
-956 0
-957 0
-958 0
-959 0
965 0
-961 0
-962 0
-963 0
-964 0
-966 0
-967 0
-968 0
-969 0
988 0
-981 0
-982 0
-983 0
-984 0
-985 0
-986 0
-987 0
-989 0
