123 0
-121 0
-122 0
-124 0
-125 0
-126 0
-127 0
-128 0
-129 0
132 0
-131 0
-133 0
-134 0
-135 0
-136 0
-137 0
-138 0
-139 0
171 0
-172 0
-173 0
-174 0
-175 0
-176 0
-177 0
-178 0
-179 0
185 0
-181 0
-182 0
-183 0
-184 0
-186 0
-187 0
-188 0
-189 0
229 0
-221 0
-222 0
-223 0
-224 0
-225 0
-226 0
-227 0
-228 0
284 0
-281 0
-282 0
-283 0
-285 0
-286 0
-287 0
-288 0
-289 0
324 0
-321 0
-322 0
-323 0
-325 0
-326 0
-327 0
-328 0
-329 0
347 0
-341 0
-342 0
-343 0
-344 0
-345 0
-346 0
-348 0
-349 0
365 0
-361 0
-362 0
-363 0
-364 0
-366 0
-367 0
-368 0
-369 0
383 0
-381 0
-382 0
-384 0
-385 0
-386 0
-387 0
-388 0
-389 0
417 0
-411 0
-412 0
-413 0
-414 0
-415 0
-416 0
-418 0
-419 0
458 0
-451 0
-452 0
-453 0
-454 0
-455 0
-456 0
-457 0
-459 0
476 0
-471 0
-472 0
-473 0
-474 0
-475 0
-477 0
-478 0
-479 0
544 0
-541 0
-542 0
-543 0
-545 0
-546 0
-547 0
-548 0
-549 0
557 0
-551 0
-552 0
-553 0
-554 0
-555 0
-556 0
-558 0
-559 0
569 0
-561 0
-562 0
-563 0
-564 0
-565 0
-566 0
-567 0
-568 0
639 0
-631 0
-632 0
-633 0
-634 0
-635 0
-636 0
-637 0
-638 0
652 0
-651 0
-653 0
-654 0
-655 0
-656 0
-657 0
-658 0
-659 0
695 0
-691 0
-692 0
-693 0
-694 0
-696 0
-697 0
-698 0
-699 0
726 0
-721 0
-722 0
-723 0
-724 0
-725 0
-727 0
-728 0
-729 0
742 0
-741 0
-743 0
-744 0
-745 0
-746 0
-747 0
-748 0
-749 0
763 0
-761 0
-762 0
-764 0
-765 0
-766 0
-767 0
-768 0
-769 0
787 0
-781 0
-782 0
-783 0
-784 0
-785 0
-786 0
-788 0
-789 0
821 0
-822 0
-823 0
-824 0
-825 0
-826 0
-827 0
-828 0
-829 0
886 0
-881 0
-882 0
-883 0
-884 0
-885 0
-887 0
-888 0
-889 0
927 0
-921 0
-922 0
-923 0
-924 0
-925 0
-926 0
-928 0
-929 0
935 0
-931 0
-932 0
-933 0
-934 0
-936 0
-937 0
-938 0
-939 0
972 0
-971 0
-973 0
-974 0
-975 0
-976 0
-977 0
-978 0
-979 0
988 0
-981 0
-982 0
-983 0
-984 0
-985 0
-986 0
-987 0
-989 0
123 0
-121 0
-122 0
-124 0
-125 0
-126 0
-127 0
-128 0
-129 0
132 0
-131 0
-133 0
-134 0
-135 0
-136 0
-137 0
-138 0
-139 0
171 0
-172 0
-173 0
-174 0
-175 0
-176 0
-177 0
-178 0
-179 0
185 0
-181 0
-182 0
-183 0
-184 0
-186 0
-187 0
-188 0
-189 0
229 0
-221 0
-222 0
-223 0
-224 0
-225 0
-226 0
-227 0
-228 0
284 0
-281 0
-282 0
-283 0
-285 0
-286 0
-287 0
-288 0
-289 0
324 0
-321 0
-322 0
-323 0
-325 0
-326 0
-327 0
-328 0
-329 0
347 0
-341 0
-342 0
-343 0
-344 0
-345 0
-346 0
-348 0
-349 0
365 0
-361 0
-362 0
-363 0
-364 0
-366 0
-367 0
-368 0
-369 0
383 0
-381 0
-382 0
-384 0
-385 0
-386 0
-387 0
-388 0
-389 0
417 0
-411 0
-412 0
-413 0
-414 0
-415 0
-416 0
-418 0
-419 0
458 0
-451 0
-452 0
-453 0
-454 0
-455 0
-456 0
-457 0
-459 0
476 0
-471 0
-472 0
-473 0
-474 0
-475 0
-477 0
-478 0
-479 0
544 0
-541 0
-542 0
-543 0
-545 0
-546 0
-547 0
-548 0
-549 0
557 0
-551 0
-552 0
-553 0
-554 0
-555 0
-556 0
-558 0
-559 0
569 0
-561 0
-562 0
-563 0
-564 0
-565 0
-566 0
-567 0
-568 0
639 0
-631 0
-632 0
-633 0
-634 0
-635 0
-636 0
-637 0
-638 0
652 0
-651 0
-653 0
-654 0
-655 0
-656 0
-657 0
-658 0
-659 0
695 0
-691 0
-692 0
-693 0
-694 0
-696 0
-697 0
-698 0
-699 0
726 0
-721 0
-722 0
-723 0
-724 0
-725 0
-727 0
-728 0
-729 0
742 0
-741 0
-743 0
-744 0
-745 0
-746 0
-747 0
-748 0
-749 0
763 0
-761 0
-762 0
-764 0
-765 0
-766 0
-767 0
-768 0
-769 0
787 0
-781 0
-782 0
-783 0
-784 0
-785 0
-786 0
-788 0
-789 0
821 0
-822 0
-823 0
-824 0
-825 0
-826 0
-827 0
-828 0
-829 0
886 0
-881 0
-882 0
-883 0
-884 0
-885 0
-887 0
-888 0
-889 0
927 0
-921 0
-922 0
-923 0
-924 0
-925 0
-926 0
-928 0
-929 0
935 0
-931 0
-932 0
-933 0
-934 0
-936 0
-937 0
-938 0
-939 0
972 0
-971 0
-973 0
-974 0
-975 0
-976 0
-977 0
-978 0
-979 0
988 0
-981 0
-982 0
-983 0
-984 0
-985 0
-986 0
-987 0
-989 0
