136 0
-131 0
-132 0
-133 0
-134 0
-135 0
-137 0
-138 0
-139 0
147 0
-141 0
-142 0
-143 0
-144 0
-145 0
-146 0
-148 0
-149 0
159 0
-151 0
-152 0
-153 0
-154 0
-155 0
-156 0
-157 0
-158 0
162 0
-161 0
-163 0
-164 0
-165 0
-166 0
-167 0
-168 0
-169 0
178 0
-171 0
-172 0
-173 0
-174 0
-175 0
-176 0
-177 0
-179 0
253 0
-251 0
-252 0
-254 0
-255 0
-256 0
-257 0
-258 0
-259 0
324 0
-321 0
-322 0
-323 0
-325 0
-326 0
-327 0
-328 0
-329 0
346 0
-341 0
-342 0
-343 0
-344 0
-345 0
-347 0
-348 0
-349 0
368 0
-361 0
-362 0
-363 0
-364 0
-365 0
-366 0
-367 0
-369 0
385 0
-381 0
-382 0
-383 0
-384 0
-386 0
-387 0
-388 0
-389 0
414 0
-411 0
-412 0
-413 0
-415 0
-416 0
-417 0
-418 0
-419 0
438 0
-431 0
-432 0
-433 0
-434 0
-435 0
-436 0
-437 0
-439 0
471 0
-472 0
-473 0
-474 0
-475 0
-476 0
-477 0
-478 0
-479 0
492 0
-491 0
-493 0
-494 0
-495 0
-496 0
-497 0
-498 0
-499 0
511 0
-512 0
-513 0
-514 0
-515 0
-516 0
-517 0
-518 0
-519 0
522 0
-521 0
-523 0
-524 0
-525 0
-526 0
-527 0
-528 0
-529 0
589 0
-581 0
-582 0
-583 0
-584 0
-585 0
-586 0
-587 0
-588 0
597 0
-591 0
-592 0
-593 0
-594 0
-595 0
-596 0
-598 0
-599 0
613 0
-611 0
-612 0
-614 0
-615 0
-616 0
-617 0
-618 0
-619 0
639 0
-631 0
-632 0
-633 0
-634 0
-635 0
-636 0
-637 0
-638 0
675 0
-671 0
-672 0
-673 0
-674 0
-676 0
-677 0
-678 0
-679 0
694 0
-691 0
-692 0
-693 0
-695 0
-696 0
-697 0
-698 0
-699 0
728 0
-721 0
-722 0
-723 0
-724 0
-725 0
-726 0
-727 0
-729 0
741 0
-742 0
-743 0
-744 0
-745 0
-746 0
-747 0
-748 0
-749 0
763 0
-761 0
-762 0
-764 0
-765 0
-766 0
-767 0
-768 0
-769 0
782 0
-781 0
-783 0
-784 0
-785 0
-786 0
-787 0
-788 0
-789 0
852 0
-851 0
-853 0
-854 0
-855 0
-856 0
-857 0
-858 0
-859 0
933 0
-931 0
-932 0
-934 0
-935 0
-936 0
-937 0
-938 0
-939 0
948 0
-941 0
-942 0
-943 0
-944 0
-945 0
-946 0
-947 0
-949 0
954 0
-951 0
-952 0
-953 0
-955 0
-956 0
-957 0
-958 0
-959 0
965 0
-961 0
-962 0
-963 0
-964 0
-966 0
-967 0
-968 0
-969 0
977 0
-971 0
-972 0
-973 0
-974 0
-975 0
-976 0
-978 0
-979 0
136 0
-131 0
-132 0
-133 0
-134 0
-135 0
-137 0
-138 0
-139 0
147 0
-141 0
-142 0
-143 0
-144 0
-145 0
-146 0
-148 0
-149 0
159 0
-151 0
-152 0
-153 0
-154 0
-155 0
-156 0
-157 0
-158 0
162 0
-161 0
-163 0
-164 0
-165 0
-166 0
-167 0
-168 0
-169 0
178 0
-171 0
-172 0
-173 0
-174 0
-175 0
-176 0
-177 0
-179 0
253 0
-251 0
-252 0
-254 0
-255 0
-256 0
-257 0
-258 0
-259 0
324 0
-321 0
-322 0
-323 0
-325 0
-326 0
-327 0
-328 0
-329 0
346 0
-341 0
-342 0
-343 0
-344 0
-345 0
-347 0
-348 0
-349 0
368 0
-361 0
-362 0
-363 0
-364 0
-365 0
-366 0
-367 0
-369 0
385 0
-381 0
-382 0
-383 0
-384 0
-386 0
-387 0
-388 0
-389 0
414 0
-411 0
-412 0
-413 0
-415 0
-416 0
-417 0
-418 0
-419 0
438 0
-431 0
-432 0
-433 0
-434 0
-435 0
-436 0
-437 0
-439 0
471 0
-472 0
-473 0
-474 0
-475 0
-476 0
-477 0
-478 0
-479 0
492 0
-491 0
-493 0
-494 0
-495 0
-496 0
-497 0
-498 0
-499 0
511 0
-512 0
-513 0
-514 0
-515 0
-516 0
-517 0
-518 0
-519 0
522 0
-521 0
-523 0
-524 0
-525 0
-526 0
-527 0
-528 0
-529 0
589 0
-581 0
-582 0
-583 0
-584 0
-585 0
-586 0
-587 0
-588 0
597 0
-591 0
-592 0
-593 0
-594 0
-595 0
-596 0
-598 0
-599 0
613 0
-611 0
-612 0
-614 0
-615 0
-616 0
-617 0
-618 0
-619 0
639 0
-631 0
-632 0
-633 0
-634 0
-635 0
-636 0
-637 0
-638 0
675 0
-671 0
-672 0
-673 0
-674 0
-676 0
-677 0
-678 0
-679 0
694 0
-691 0
-692 0
-693 0
-695 0
-696 0
-697 0
-698 0
-699 0
728 0
-721 0
-722 0
-723 0
-724 0
-725 0
-726 0
-727 0
-729 0
741 0
-742 0
-743 0
-744 0
-745 0
-746 0
-747 0
-748 0
-749 0
763 0
-761 0
-762 0
-764 0
-765 0
-766 0
-767 0
-768 0
-769 0
782 0
-781 0
-783 0
-784 0
-785 0
-786 0
-787 0
-788 0
-789 0
852 0
-851 0
-853 0
-854 0
-855 0
-856 0
-857 0
-858 0
-859 0
933 0
-931 0
-932 0
-934 0
-935 0
-936 0
-937 0
-938 0
-939 0
948 0
-941 0
-942 0
-943 0
-944 0
-945 0
-946 0
-947 0
-949 0
954 0
-951 0
-952 0
-953 0
-955 0
-956 0
-957 0
-958 0
-959 0
965 0
-961 0
-962 0
-963 0
-964 0
-966 0
-967 0
-968 0
-969 0
977 0
-971 0
-972 0
-973 0
-974 0
-975 0
-976 0
-978 0
-979 0
