111 0
-112 0
-113 0
-114 0
-115 0
-116 0
-117 0
-118 0
-119 0
137 0
-131 0
-132 0
-133 0
-134 0
-135 0
-136 0
-138 0
-139 0
232 0
-231 0
-233 0
-234 0
-235 0
-236 0
-237 0
-238 0
-239 0
241 0
-242 0
-243 0
-244 0
-245 0
-246 0
-247 0
-248 0
-249 0
266 0
-261 0
-262 0
-263 0
-264 0
-265 0
-267 0
-268 0
-269 0
313 0
-311 0
-312 0
-314 0
-315 0
-316 0
-317 0
-318 0
-319 0
349 0
-341 0
-342 0
-343 0
-344 0
-345 0
-346 0
-347 0
-348 0
364 0
-361 0
-362 0
-363 0
-365 0
-366 0
-367 0
-368 0
-369 0
386 0
-381 0
-382 0
-383 0
-384 0
-385 0
-387 0
-388 0
-389 0
425 0
-421 0
-422 0
-423 0
-424 0
-426 0
-427 0
-428 0
-429 0
434 0
-431 0
-432 0
-433 0
-435 0
-436 0
-437 0
-438 0
-439 0
459 0
-451 0
-452 0
-453 0
-454 0
-455 0
-456 0
-457 0
-458 0
472 0
-471 0
-473 0
-474 0
-475 0
-476 0
-477 0
-478 0
-479 0
487 0
-481 0
-482 0
-483 0
-484 0
-485 0
-486 0
-488 0
-489 0
547 0
-541 0
-542 0
-543 0
-544 0
-545 0
-546 0
-548 0
-549 0
568 0
-561 0
-562 0
-563 0
-564 0
-565 0
-566 0
-567 0
-569 0
627 0
-621 0
-622 0
-623 0
-624 0
-625 0
-626 0
-628 0
-629 0
633 0
-631 0
-632 0
-634 0
-635 0
-636 0
-637 0
-638 0
-639 0
656 0
-651 0
-652 0
-653 0
-654 0
-655 0
-657 0
-658 0
-659 0
679 0
-671 0
-672 0
-673 0
-674 0
-675 0
-676 0
-677 0
-678 0
685 0
-681 0
-682 0
-683 0
-684 0
-686 0
-687 0
-688 0
-689 0
721 0
-722 0
-723 0
-724 0
-725 0
-726 0
-727 0
-728 0
-729 0
748 0
-741 0
-742 0
-743 0
-744 0
-745 0
-746 0
-747 0
-749 0
767 0
-761 0
-762 0
-763 0
-764 0
-765 0
-766 0
-768 0
-769 0
796 0
-791 0
-792 0
-793 0
-794 0
-795 0
-797 0
-798 0
-799 0
842 0
-841 0
-843 0
-844 0
-845 0
-846 0
-847 0
-848 0
-849 0
865 0
-861 0
-862 0
-863 0
-864 0
-866 0
-867 0
-868 0
-869 0
873 0
-871 0
-872 0
-874 0
-875 0
-876 0
-877 0
-878 0
-879 0
975 0
-971 0
-972 0
-973 0
-974 0
-976 0
-977 0
-978 0
-979 0
997 0
-991 0
-992 0
-993 0
-994 0
-995 0
-996 0
-998 0
-999 0
