149 0
-141 0
-142 0
-143 0
-144 0
-145 0
-146 0
-147 0
-148 0
166 0
-161 0
-162 0
-163 0
-164 0
-165 0
-167 0
-168 0
-169 0
173 0
-171 0
-172 0
-174 0
-175 0
-176 0
-177 0
-178 0
-179 0
245 0
-241 0
-242 0
-243 0
-244 0
-246 0
-247 0
-248 0
-249 0
264 0
-261 0
-262 0
-263 0
-265 0
-266 0
-267 0
-268 0
-269 0
271 0
-272 0
-273 0
-274 0
-275 0
-276 0
-277 0
-278 0
-279 0
289 0
-281 0
-282 0
-283 0
-284 0
-285 0
-286 0
-287 0
-288 0
327 0
-321 0
-322 0
-323 0
-324 0
-325 0
-326 0
-328 0
-329 0
384 0
-381 0
-382 0
-383 0
-385 0
-386 0
-387 0
-388 0
-389 0
416 0
-411 0
-412 0
-413 0
-414 0
-415 0
-417 0
-418 0
-419 0
423 0
-421 0
-422 0
-424 0
-425 0
-426 0
-427 0
-428 0
-429 0
444 0
-441 0
-442 0
-443 0
-445 0
-446 0
-447 0
-448 0
-449 0
467 0
-461 0
-462 0
-463 0
-464 0
-465 0
-466 0
-468 0
-469 0
482 0
-481 0
-483 0
-484 0
-485 0
-486 0
-487 0
-488 0
-489 0
495 0
-491 0
-492 0
-493 0
-494 0
-496 0
-497 0
-498 0
-499 0
614 0
-611 0
-612 0
-613 0
-615 0
-616 0
-617 0
-618 0
-619 0
622 0
-621 0
-623 0
-624 0
-625 0
-626 0
-627 0
-628 0
-629 0
646 0
-641 0
-642 0
-643 0
-644 0
-645 0
-647 0
-648 0
-649 0
665 0
-661 0
-662 0
-663 0
-664 0
-666 0
-667 0
-668 0
-669 0
688 0
-681 0
-682 0
-683 0
-684 0
-685 0
-686 0
-687 0
-689 0
693 0
-691 0
-692 0
-694 0
-695 0
-696 0
-697 0
-698 0
-699 0
728 0
-721 0
-722 0
-723 0
-724 0
-725 0
-726 0
-727 0
-729 0
825 0
-821 0
-822 0
-823 0
-824 0
-826 0
-827 0
-828 0
-829 0
839 0
-831 0
-832 0
-833 0
-834 0
-835 0
-836 0
-837 0
-838 0
843 0
-841 0
-842 0
-844 0
-845 0
-846 0
-847 0
-848 0
-849 0
862 0
-861 0
-863 0
-864 0
-865 0
-866 0
-867 0
-868 0
-869 0
876 0
-871 0
-872 0
-873 0
-874 0
-875 0
-877 0
-878 0
-879 0
933 0
-931 0
-932 0
-934 0
-935 0
-936 0
-937 0
-938 0
-939 0
941 0
-942 0
-943 0
-944 0
-945 0
-946 0
-947 0
-948 0
-949 0
968 0
-961 0
-962 0
-963 0
-964 0
-965 0
-966 0
-967 0
-969 0
149 0
-141 0
-142 0
-143 0
-144 0
-145 0
-146 0
-147 0
-148 0
166 0
-161 0
-162 0
-163 0
-164 0
-165 0
-167 0
-168 0
-169 0
173 0
-171 0
-172 0
-174 0
-175 0
-176 0
-177 0
-178 0
-179 0
245 0
-241 0
-242 0
-243 0
-244 0
-246 0
-247 0
-248 0
-249 0
264 0
-261 0
-262 0
-263 0
-265 0
-266 0
-267 0
-268 0
-269 0
271 0
-272 0
-273 0
-274 0
-275 0
-276 0
-277 0
-278 0
-279 0
289 0
-281 0
-282 0
-283 0
-284 0
-285 0
-286 0
-287 0
-288 0
327 0
-321 0
-322 0
-323 0
-324 0
-325 0
-326 0
-328 0
-329 0
384 0
-381 0
-382 0
-383 0
-385 0
-386 0
-387 0
-388 0
-389 0
416 0
-411 0
-412 0
-413 0
-414 0
-415 0
-417 0
-418 0
-419 0
423 0
-421 0
-422 0
-424 0
-425 0
-426 0
-427 0
-428 0
-429 0
444 0
-441 0
-442 0
-443 0
-445 0
-446 0
-447 0
-448 0
-449 0
467 0
-461 0
-462 0
-463 0
-464 0
-465 0
-466 0
-468 0
-469 0
482 0
-481 0
-483 0
-484 0
-485 0
-486 0
-487 0
-488 0
-489 0
495 0
-491 0
-492 0
-493 0
-494 0
-496 0
-497 0
-498 0
-499 0
614 0
-611 0
-612 0
-613 0
-615 0
-616 0
-617 0
-618 0
-619 0
622 0
-621 0
-623 0
-624 0
-625 0
-626 0
-627 0
-628 0
-629 0
646 0
-641 0
-642 0
-643 0
-644 0
-645 0
-647 0
-648 0
-649 0
665 0
-661 0
-662 0
-663 0
-664 0
-666 0
-667 0
-668 0
-669 0
688 0
-681 0
-682 0
-683 0
-684 0
-685 0
-686 0
-687 0
-689 0
693 0
-691 0
-692 0
-694 0
-695 0
-696 0
-697 0
-698 0
-699 0
728 0
-721 0
-722 0
-723 0
-724 0
-725 0
-726 0
-727 0
-729 0
825 0
-821 0
-822 0
-823 0
-824 0
-826 0
-827 0
-828 0
-829 0
839 0
-831 0
-832 0
-833 0
-834 0
-835 0
-836 0
-837 0
-838 0
843 0
-841 0
-842 0
-844 0
-845 0
-846 0
-847 0
-848 0
-849 0
862 0
-861 0
-863 0
-864 0
-865 0
-866 0
-867 0
-868 0
-869 0
876 0
-871 0
-872 0
-873 0
-874 0
-875 0
-877 0
-878 0
-879 0
933 0
-931 0
-932 0
-934 0
-935 0
-936 0
-937 0
-938 0
-939 0
941 0
-942 0
-943 0
-944 0
-945 0
-946 0
-947 0
-948 0
-949 0
968 0
-961 0
-962 0
-963 0
-964 0
-965 0
-966 0
-967 0
-969 0
