116 0
-111 0
-112 0
-113 0
-114 0
-115 0
-117 0
-118 0
-119 0
153 0
-151 0
-152 0
-154 0
-155 0
-156 0
-157 0
-158 0
-159 0
197 0
-191 0
-192 0
-193 0
-194 0
-195 0
-196 0
-198 0
-199 0
223 0
-221 0
-222 0
-224 0
-225 0
-226 0
-227 0
-228 0
-229 0
244 0
-241 0
-242 0
-243 0
-245 0
-246 0
-247 0
-248 0
-249 0
267 0
-261 0
-262 0
-263 0
-264 0
-265 0
-266 0
-268 0
-269 0
289 0
-281 0
-282 0
-283 0
-284 0
-285 0
-286 0
-287 0
-288 0
335 0
-331 0
-332 0
-333 0
-334 0
-336 0
-337 0
-338 0
-339 0
348 0
-341 0
-342 0
-343 0
-344 0
-345 0
-346 0
-347 0
-349 0
369 0
-361 0
-362 0
-363 0
-364 0
-365 0
-366 0
-367 0
-368 0
372 0
-371 0
-373 0
-374 0
-375 0
-376 0
-377 0
-378 0
-379 0
421 0
-422 0
-423 0
-424 0
-425 0
-426 0
-427 0
-428 0
-429 0
438 0
-431 0
-432 0
-433 0
-434 0
-435 0
-436 0
-437 0
-439 0
479 0
-471 0
-472 0
-473 0
-474 0
-475 0
-476 0
-477 0
-478 0
485 0
-481 0
-482 0
-483 0
-484 0
-486 0
-487 0
-488 0
-489 0
515 0
-511 0
-512 0
-513 0
-514 0
-516 0
-517 0
-518 0
-519 0
592 0
-591 0
-593 0
-594 0
-595 0
-596 0
-597 0
-598 0
-599 0
626 0
-621 0
-622 0
-623 0
-624 0
-625 0
-627 0
-628 0
-629 0
639 0
-631 0
-632 0
-633 0
-634 0
-635 0
-636 0
-637 0
-638 0
678 0
-671 0
-672 0
-673 0
-674 0
-675 0
-676 0
-677 0
-679 0
687 0
-681 0
-682 0
-683 0
-684 0
-685 0
-686 0
-688 0
-689 0
736 0
-731 0
-732 0
-733 0
-734 0
-735 0
-737 0
-738 0
-739 0
745 0
-741 0
-742 0
-743 0
-744 0
-746 0
-747 0
-748 0
-749 0
764 0
-761 0
-762 0
-763 0
-765 0
-766 0
-767 0
-768 0
-769 0
773 0
-771 0
-772 0
-774 0
-775 0
-776 0
-777 0
-778 0
-779 0
825 0
-821 0
-822 0
-823 0
-824 0
-826 0
-827 0
-828 0
-829 0
842 0
-841 0
-843 0
-844 0
-845 0
-846 0
-847 0
-848 0
-849 0
863 0
-861 0
-862 0
-864 0
-865 0
-866 0
-867 0
-868 0
-869 0
886 0
-881 0
-882 0
-883 0
-884 0
-885 0
-887 0
-888 0
-889 0
911 0
-912 0
-913 0
-914 0
-915 0
-916 0
-917 0
-918 0
-919 0
957 0
-951 0
-952 0
-953 0
-954 0
-955 0
-956 0
-958 0
-959 0
998 0
-991 0
-992 0
-993 0
-994 0
-995 0
-996 0
-997 0
-999 0
116 0
-111 0
-112 0
-113 0
-114 0
-115 0
-117 0
-118 0
-119 0
153 0
-151 0
-152 0
-154 0
-155 0
-156 0
-157 0
-158 0
-159 0
197 0
-191 0
-192 0
-193 0
-194 0
-195 0
-196 0
-198 0
-199 0
223 0
-221 0
-222 0
-224 0
-225 0
-226 0
-227 0
-228 0
-229 0
244 0
-241 0
-242 0
-243 0
-245 0
-246 0
-247 0
-248 0
-249 0
267 0
-261 0
-262 0
-263 0
-264 0
-265 0
-266 0
-268 0
-269 0
289 0
-281 0
-282 0
-283 0
-284 0
-285 0
-286 0
-287 0
-288 0
335 0
-331 0
-332 0
-333 0
-334 0
-336 0
-337 0
-338 0
-339 0
348 0
-341 0
-342 0
-343 0
-344 0
-345 0
-346 0
-347 0
-349 0
369 0
-361 0
-362 0
-363 0
-364 0
-365 0
-366 0
-367 0
-368 0
372 0
-371 0
-373 0
-374 0
-375 0
-376 0
-377 0
-378 0
-379 0
421 0
-422 0
-423 0
-424 0
-425 0
-426 0
-427 0
-428 0
-429 0
438 0
-431 0
-432 0
-433 0
-434 0
-435 0
-436 0
-437 0
-439 0
479 0
-471 0
-472 0
-473 0
-474 0
-475 0
-476 0
-477 0
-478 0
485 0
-481 0
-482 0
-483 0
-484 0
-486 0
-487 0
-488 0
-489 0
515 0
-511 0
-512 0
-513 0
-514 0
-516 0
-517 0
-518 0
-519 0
592 0
-591 0
-593 0
-594 0
-595 0
-596 0
-597 0
-598 0
-599 0
626 0
-621 0
-622 0
-623 0
-624 0
-625 0
-627 0
-628 0
-629 0
639 0
-631 0
-632 0
-633 0
-634 0
-635 0
-636 0
-637 0
-638 0
678 0
-671 0
-672 0
-673 0
-674 0
-675 0
-676 0
-677 0
-679 0
687 0
-681 0
-682 0
-683 0
-684 0
-685 0
-686 0
-688 0
-689 0
736 0
-731 0
-732 0
-733 0
-734 0
-735 0
-737 0
-738 0
-739 0
745 0
-741 0
-742 0
-743 0
-744 0
-746 0
-747 0
-748 0
-749 0
764 0
-761 0
-762 0
-763 0
-765 0
-766 0
-767 0
-768 0
-769 0
773 0
-771 0
-772 0
-774 0
-775 0
-776 0
-777 0
-778 0
-779 0
825 0
-821 0
-822 0
-823 0
-824 0
-826 0
-827 0
-828 0
-829 0
842 0
-841 0
-843 0
-844 0
-845 0
-846 0
-847 0
-848 0
-849 0
863 0
-861 0
-862 0
-864 0
-865 0
-866 0
-867 0
-868 0
-869 0
886 0
-881 0
-882 0
-883 0
-884 0
-885 0
-887 0
-888 0
-889 0
911 0
-912 0
-913 0
-914 0
-915 0
-916 0
-917 0
-918 0
-919 0
957 0
-951 0
-952 0
-953 0
-954 0
-955 0
-956 0
-958 0
-959 0
998 0
-991 0
-992 0
-993 0
-994 0
-995 0
-996 0
-997 0
-999 0
