145 0
-141 0
-142 0
-143 0
-144 0
-146 0
-147 0
-148 0
-149 0
158 0
-151 0
-152 0
-153 0
-154 0
-155 0
-156 0
-157 0
-159 0
167 0
-161 0
-162 0
-163 0
-164 0
-165 0
-166 0
-168 0
-169 0
174 0
-171 0
-172 0
-173 0
-175 0
-176 0
-177 0
-178 0
-179 0
222 0
-221 0
-223 0
-224 0
-225 0
-226 0
-227 0
-228 0
-229 0
289 0
-281 0
-282 0
-283 0
-284 0
-285 0
-286 0
-287 0
-288 0
343 0
-341 0
-342 0
-344 0
-345 0
-346 0
-347 0
-348 0
-349 0
362 0
-361 0
-363 0
-364 0
-365 0
-366 0
-367 0
-368 0
-369 0
387 0
-381 0
-382 0
-383 0
-384 0
-385 0
-386 0
-388 0
-389 0
412 0
-411 0
-413 0
-414 0
-415 0
-416 0
-417 0
-418 0
-419 0
439 0
-431 0
-432 0
-433 0
-434 0
-435 0
-436 0
-437 0
-438 0
446 0
-441 0
-442 0
-443 0
-444 0
-445 0
-447 0
-448 0
-449 0
471 0
-472 0
-473 0
-474 0
-475 0
-476 0
-477 0
-478 0
-479 0
494 0
-491 0
-492 0
-493 0
-495 0
-496 0
-497 0
-498 0
-499 0
514 0
-511 0
-512 0
-513 0
-515 0
-516 0
-517 0
-518 0
-519 0
596 0
-591 0
-592 0
-593 0
-594 0
-595 0
-597 0
-598 0
-599 0
611 0
-612 0
-613 0
-614 0
-615 0
-616 0
-617 0
-618 0
-619 0
635 0
-631 0
-632 0
-633 0
-634 0
-636 0
-637 0
-638 0
-639 0
668 0
-661 0
-662 0
-663 0
-664 0
-665 0
-666 0
-667 0
-669 0
677 0
-671 0
-672 0
-673 0
-674 0
-675 0
-676 0
-678 0
-679 0
699 0
-691 0
-692 0
-693 0
-694 0
-695 0
-696 0
-697 0
-698 0
715 0
-711 0
-712 0
-713 0
-714 0
-716 0
-717 0
-718 0
-719 0
742 0
-741 0
-743 0
-744 0
-745 0
-746 0
-747 0
-748 0
-749 0
763 0
-761 0
-762 0
-764 0
-765 0
-766 0
-767 0
-768 0
-769 0
824 0
-821 0
-822 0
-823 0
-825 0
-826 0
-827 0
-828 0
-829 0
831 0
-832 0
-833 0
-834 0
-835 0
-836 0
-837 0
-838 0
-839 0
883 0
-881 0
-882 0
-884 0
-885 0
-886 0
-887 0
-888 0
-889 0
948 0
-941 0
-942 0
-943 0
-944 0
-945 0
-946 0
-947 0
-949 0
955 0
-951 0
-952 0
-953 0
-954 0
-956 0
-957 0
-958 0
-959 0
964 0
-961 0
-962 0
-963 0
-965 0
-966 0
-967 0
-968 0
-969 0
145 0
-141 0
-142 0
-143 0
-144 0
-146 0
-147 0
-148 0
-149 0
158 0
-151 0
-152 0
-153 0
-154 0
-155 0
-156 0
-157 0
-159 0
167 0
-161 0
-162 0
-163 0
-164 0
-165 0
-166 0
-168 0
-169 0
174 0
-171 0
-172 0
-173 0
-175 0
-176 0
-177 0
-178 0
-179 0
222 0
-221 0
-223 0
-224 0
-225 0
-226 0
-227 0
-228 0
-229 0
289 0
-281 0
-282 0
-283 0
-284 0
-285 0
-286 0
-287 0
-288 0
343 0
-341 0
-342 0
-344 0
-345 0
-346 0
-347 0
-348 0
-349 0
362 0
-361 0
-363 0
-364 0
-365 0
-366 0
-367 0
-368 0
-369 0
387 0
-381 0
-382 0
-383 0
-384 0
-385 0
-386 0
-388 0
-389 0
412 0
-411 0
-413 0
-414 0
-415 0
-416 0
-417 0
-418 0
-419 0
439 0
-431 0
-432 0
-433 0
-434 0
-435 0
-436 0
-437 0
-438 0
446 0
-441 0
-442 0
-443 0
-444 0
-445 0
-447 0
-448 0
-449 0
471 0
-472 0
-473 0
-474 0
-475 0
-476 0
-477 0
-478 0
-479 0
494 0
-491 0
-492 0
-493 0
-495 0
-496 0
-497 0
-498 0
-499 0
514 0
-511 0
-512 0
-513 0
-515 0
-516 0
-517 0
-518 0
-519 0
596 0
-591 0
-592 0
-593 0
-594 0
-595 0
-597 0
-598 0
-599 0
611 0
-612 0
-613 0
-614 0
-615 0
-616 0
-617 0
-618 0
-619 0
635 0
-631 0
-632 0
-633 0
-634 0
-636 0
-637 0
-638 0
-639 0
668 0
-661 0
-662 0
-663 0
-664 0
-665 0
-666 0
-667 0
-669 0
677 0
-671 0
-672 0
-673 0
-674 0
-675 0
-676 0
-678 0
-679 0
699 0
-691 0
-692 0
-693 0
-694 0
-695 0
-696 0
-697 0
-698 0
715 0
-711 0
-712 0
-713 0
-714 0
-716 0
-717 0
-718 0
-719 0
742 0
-741 0
-743 0
-744 0
-745 0
-746 0
-747 0
-748 0
-749 0
763 0
-761 0
-762 0
-764 0
-765 0
-766 0
-767 0
-768 0
-769 0
824 0
-821 0
-822 0
-823 0
-825 0
-826 0
-827 0
-828 0
-829 0
831 0
-832 0
-833 0
-834 0
-835 0
-836 0
-837 0
-838 0
-839 0
883 0
-881 0
-882 0
-884 0
-885 0
-886 0
-887 0
-888 0
-889 0
948 0
-941 0
-942 0
-943 0
-944 0
-945 0
-946 0
-947 0
-949 0
955 0
-951 0
-952 0
-953 0
-954 0
-956 0
-957 0
-958 0
-959 0
964 0
-961 0
-962 0
-963 0
-965 0
-966 0
-967 0
-968 0
-969 0
