134 0
-131 0
-132 0
-133 0
-135 0
-136 0
-137 0
-138 0
-139 0
157 0
-151 0
-152 0
-153 0
-154 0
-155 0
-156 0
-158 0
-159 0
171 0
-172 0
-173 0
-174 0
-175 0
-176 0
-177 0
-178 0
-179 0
237 0
-231 0
-232 0
-233 0
-234 0
-235 0
-236 0
-238 0
-239 0
263 0
-261 0
-262 0
-264 0
-265 0
-266 0
-267 0
-268 0
-269 0
279 0
-271 0
-272 0
-273 0
-274 0
-275 0
-276 0
-277 0
-278 0
312 0
-311 0
-313 0
-314 0
-315 0
-316 0
-317 0
-318 0
-319 0
325 0
-321 0
-322 0
-323 0
-324 0
-326 0
-327 0
-328 0
-329 0
366 0
-361 0
-362 0
-363 0
-364 0
-365 0
-367 0
-368 0
-369 0
387 0
-381 0
-382 0
-383 0
-384 0
-385 0
-386 0
-388 0
-389 0
394 0
-391 0
-392 0
-393 0
-395 0
-396 0
-397 0
-398 0
-399 0
421 0
-422 0
-423 0
-424 0
-425 0
-426 0
-427 0
-428 0
-429 0
435 0
-431 0
-432 0
-433 0
-434 0
-436 0
-437 0
-438 0
-439 0
464 0
-461 0
-462 0
-463 0
-465 0
-466 0
-467 0
-468 0
-469 0
516 0
-511 0
-512 0
-513 0
-514 0
-515 0
-517 0
-518 0
-519 0
593 0
-591 0
-592 0
-594 0
-595 0
-596 0
-597 0
-598 0
-599 0
643 0
-641 0
-642 0
-644 0
-645 0
-646 0
-647 0
-648 0
-649 0
672 0
-671 0
-673 0
-674 0
-675 0
-676 0
-677 0
-678 0
-679 0
689 0
-681 0
-682 0
-683 0
-684 0
-685 0
-686 0
-687 0
-688 0
715 0
-711 0
-712 0
-713 0
-714 0
-716 0
-717 0
-718 0
-719 0
724 0
-721 0
-722 0
-723 0
-725 0
-726 0
-727 0
-728 0
-729 0
741 0
-742 0
-743 0
-744 0
-745 0
-746 0
-747 0
-748 0
-749 0
788 0
-781 0
-782 0
-783 0
-784 0
-785 0
-786 0
-787 0
-789 0
799 0
-791 0
-792 0
-793 0
-794 0
-795 0
-796 0
-797 0
-798 0
832 0
-831 0
-833 0
-834 0
-835 0
-836 0
-837 0
-838 0
-839 0
845 0
-841 0
-842 0
-843 0
-844 0
-846 0
-847 0
-848 0
-849 0
876 0
-871 0
-872 0
-873 0
-874 0
-875 0
-877 0
-878 0
-879 0
931 0
-932 0
-933 0
-934 0
-935 0
-936 0
-937 0
-938 0
-939 0
953 0
-951 0
-952 0
-954 0
-955 0
-956 0
-957 0
-958 0
-959 0
975 0
-971 0
-972 0
-973 0
-974 0
-976 0
-977 0
-978 0
-979 0
134 0
-131 0
-132 0
-133 0
-135 0
-136 0
-137 0
-138 0
-139 0
157 0
-151 0
-152 0
-153 0
-154 0
-155 0
-156 0
-158 0
-159 0
171 0
-172 0
-173 0
-174 0
-175 0
-176 0
-177 0
-178 0
-179 0
237 0
-231 0
-232 0
-233 0
-234 0
-235 0
-236 0
-238 0
-239 0
263 0
-261 0
-262 0
-264 0
-265 0
-266 0
-267 0
-268 0
-269 0
279 0
-271 0
-272 0
-273 0
-274 0
-275 0
-276 0
-277 0
-278 0
312 0
-311 0
-313 0
-314 0
-315 0
-316 0
-317 0
-318 0
-319 0
325 0
-321 0
-322 0
-323 0
-324 0
-326 0
-327 0
-328 0
-329 0
366 0
-361 0
-362 0
-363 0
-364 0
-365 0
-367 0
-368 0
-369 0
387 0
-381 0
-382 0
-383 0
-384 0
-385 0
-386 0
-388 0
-389 0
394 0
-391 0
-392 0
-393 0
-395 0
-396 0
-397 0
-398 0
-399 0
421 0
-422 0
-423 0
-424 0
-425 0
-426 0
-427 0
-428 0
-429 0
435 0
-431 0
-432 0
-433 0
-434 0
-436 0
-437 0
-438 0
-439 0
464 0
-461 0
-462 0
-463 0
-465 0
-466 0
-467 0
-468 0
-469 0
516 0
-511 0
-512 0
-513 0
-514 0
-515 0
-517 0
-518 0
-519 0
593 0
-591 0
-592 0
-594 0
-595 0
-596 0
-597 0
-598 0
-599 0
643 0
-641 0
-642 0
-644 0
-645 0
-646 0
-647 0
-648 0
-649 0
672 0
-671 0
-673 0
-674 0
-675 0
-676 0
-677 0
-678 0
-679 0
689 0
-681 0
-682 0
-683 0
-684 0
-685 0
-686 0
-687 0
-688 0
715 0
-711 0
-712 0
-713 0
-714 0
-716 0
-717 0
-718 0
-719 0
724 0
-721 0
-722 0
-723 0
-725 0
-726 0
-727 0
-728 0
-729 0
741 0
-742 0
-743 0
-744 0
-745 0
-746 0
-747 0
-748 0
-749 0
788 0
-781 0
-782 0
-783 0
-784 0
-785 0
-786 0
-787 0
-789 0
799 0
-791 0
-792 0
-793 0
-794 0
-795 0
-796 0
-797 0
-798 0
832 0
-831 0
-833 0
-834 0
-835 0
-836 0
-837 0
-838 0
-839 0
845 0
-841 0
-842 0
-843 0
-844 0
-846 0
-847 0
-848 0
-849 0
876 0
-871 0
-872 0
-873 0
-874 0
-875 0
-877 0
-878 0
-879 0
931 0
-932 0
-933 0
-934 0
-935 0
-936 0
-937 0
-938 0
-939 0
953 0
-951 0
-952 0
-954 0
-955 0
-956 0
-957 0
-958 0
-959 0
975 0
-971 0
-972 0
-973 0
-974 0
-976 0
-977 0
-978 0
-979 0
