146 0
-141 0
-142 0
-143 0
-144 0
-145 0
-147 0
-148 0
-149 0
164 0
-161 0
-162 0
-163 0
-165 0
-166 0
-167 0
-168 0
-169 0
191 0
-192 0
-193 0
-194 0
-195 0
-196 0
-197 0
-198 0
-199 0
233 0
-231 0
-232 0
-234 0
-235 0
-236 0
-237 0
-238 0
-239 0
241 0
-242 0
-243 0
-244 0
-245 0
-246 0
-247 0
-248 0
-249 0
269 0
-261 0
-262 0
-263 0
-264 0
-265 0
-266 0
-267 0
-268 0
278 0
-271 0
-272 0
-273 0
-274 0
-275 0
-276 0
-277 0
-279 0
297 0
-291 0
-292 0
-293 0
-294 0
-295 0
-296 0
-298 0
-299 0
314 0
-311 0
-312 0
-313 0
-315 0
-316 0
-317 0
-318 0
-319 0
348 0
-341 0
-342 0
-343 0
-344 0
-345 0
-346 0
-347 0
-349 0
353 0
-351 0
-352 0
-354 0
-355 0
-356 0
-357 0
-358 0
-359 0
365 0
-361 0
-362 0
-363 0
-364 0
-366 0
-367 0
-368 0
-369 0
417 0
-411 0
-412 0
-413 0
-414 0
-415 0
-416 0
-418 0
-419 0
424 0
-421 0
-422 0
-423 0
-425 0
-426 0
-427 0
-428 0
-429 0
438 0
-431 0
-432 0
-433 0
-434 0
-435 0
-436 0
-437 0
-439 0
472 0
-471 0
-473 0
-474 0
-475 0
-476 0
-477 0
-478 0
-479 0
489 0
-481 0
-482 0
-483 0
-484 0
-485 0
-486 0
-487 0
-488 0
495 0
-491 0
-492 0
-493 0
-494 0
-496 0
-497 0
-498 0
-499 0
536 0
-531 0
-532 0
-533 0
-534 0
-535 0
-537 0
-538 0
-539 0
577 0
-571 0
-572 0
-573 0
-574 0
-575 0
-576 0
-578 0
-579 0
619 0
-611 0
-612 0
-613 0
-614 0
-615 0
-616 0
-617 0
-618 0
625 0
-621 0
-622 0
-623 0
-624 0
-626 0
-627 0
-628 0
-629 0
632 0
-631 0
-633 0
-634 0
-635 0
-636 0
-637 0
-638 0
-639 0
676 0
-671 0
-672 0
-673 0
-674 0
-675 0
-677 0
-678 0
-679 0
681 0
-682 0
-683 0
-684 0
-685 0
-686 0
-687 0
-688 0
-689 0
693 0
-691 0
-692 0
-694 0
-695 0
-696 0
-697 0
-698 0
-699 0
747 0
-741 0
-742 0
-743 0
-744 0
-745 0
-746 0
-748 0
-749 0
751 0
-752 0
-753 0
-754 0
-755 0
-756 0
-757 0
-758 0
-759 0
766 0
-761 0
-762 0
-763 0
-764 0
-765 0
-767 0
-768 0
-769 0
798 0
-791 0
-792 0
-793 0
-794 0
-795 0
-796 0
-797 0
-799 0
816 0
-811 0
-812 0
-813 0
-814 0
-815 0
-817 0
-818 0
-819 0
837 0
-831 0
-832 0
-833 0
-834 0
-835 0
-836 0
-838 0
-839 0
842 0
-841 0
-843 0
-844 0
-845 0
-846 0
-847 0
-848 0
-849 0
868 0
-861 0
-862 0
-863 0
-864 0
-865 0
-866 0
-867 0
-869 0
874 0
-871 0
-872 0
-873 0
-875 0
-876 0
-877 0
-878 0
-879 0
918 0
-911 0
-912 0
-913 0
-914 0
-915 0
-916 0
-917 0
-919 0
949 0
-941 0
-942 0
-943 0
-944 0
-945 0
-946 0
-947 0
-948 0
963 0
-961 0
-962 0
-964 0
-965 0
-966 0
-967 0
-968 0
-969 0
146 0
-141 0
-142 0
-143 0
-144 0
-145 0
-147 0
-148 0
-149 0
164 0
-161 0
-162 0
-163 0
-165 0
-166 0
-167 0
-168 0
-169 0
191 0
-192 0
-193 0
-194 0
-195 0
-196 0
-197 0
-198 0
-199 0
233 0
-231 0
-232 0
-234 0
-235 0
-236 0
-237 0
-238 0
-239 0
241 0
-242 0
-243 0
-244 0
-245 0
-246 0
-247 0
-248 0
-249 0
269 0
-261 0
-262 0
-263 0
-264 0
-265 0
-266 0
-267 0
-268 0
278 0
-271 0
-272 0
-273 0
-274 0
-275 0
-276 0
-277 0
-279 0
297 0
-291 0
-292 0
-293 0
-294 0
-295 0
-296 0
-298 0
-299 0
314 0
-311 0
-312 0
-313 0
-315 0
-316 0
-317 0
-318 0
-319 0
348 0
-341 0
-342 0
-343 0
-344 0
-345 0
-346 0
-347 0
-349 0
353 0
-351 0
-352 0
-354 0
-355 0
-356 0
-357 0
-358 0
-359 0
365 0
-361 0
-362 0
-363 0
-364 0
-366 0
-367 0
-368 0
-369 0
417 0
-411 0
-412 0
-413 0
-414 0
-415 0
-416 0
-418 0
-419 0
424 0
-421 0
-422 0
-423 0
-425 0
-426 0
-427 0
-428 0
-429 0
438 0
-431 0
-432 0
-433 0
-434 0
-435 0
-436 0
-437 0
-439 0
472 0
-471 0
-473 0
-474 0
-475 0
-476 0
-477 0
-478 0
-479 0
489 0
-481 0
-482 0
-483 0
-484 0
-485 0
-486 0
-487 0
-488 0
495 0
-491 0
-492 0
-493 0
-494 0
-496 0
-497 0
-498 0
-499 0
536 0
-531 0
-532 0
-533 0
-534 0
-535 0
-537 0
-538 0
-539 0
577 0
-571 0
-572 0
-573 0
-574 0
-575 0
-576 0
-578 0
-579 0
619 0
-611 0
-612 0
-613 0
-614 0
-615 0
-616 0
-617 0
-618 0
625 0
-621 0
-622 0
-623 0
-624 0
-626 0
-627 0
-628 0
-629 0
632 0
-631 0
-633 0
-634 0
-635 0
-636 0
-637 0
-638 0
-639 0
676 0
-671 0
-672 0
-673 0
-674 0
-675 0
-677 0
-678 0
-679 0
681 0
-682 0
-683 0
-684 0
-685 0
-686 0
-687 0
-688 0
-689 0
693 0
-691 0
-692 0
-694 0
-695 0
-696 0
-697 0
-698 0
-699 0
747 0
-741 0
-742 0
-743 0
-744 0
-745 0
-746 0
-748 0
-749 0
751 0
-752 0
-753 0
-754 0
-755 0
-756 0
-757 0
-758 0
-759 0
766 0
-761 0
-762 0
-763 0
-764 0
-765 0
-767 0
-768 0
-769 0
798 0
-791 0
-792 0
-793 0
-794 0
-795 0
-796 0
-797 0
-799 0
816 0
-811 0
-812 0
-813 0
-814 0
-815 0
-817 0
-818 0
-819 0
837 0
-831 0
-832 0
-833 0
-834 0
-835 0
-836 0
-838 0
-839 0
842 0
-841 0
-843 0
-844 0
-845 0
-846 0
-847 0
-848 0
-849 0
868 0
-861 0
-862 0
-863 0
-864 0
-865 0
-866 0
-867 0
-869 0
874 0
-871 0
-872 0
-873 0
-875 0
-876 0
-877 0
-878 0
-879 0
918 0
-911 0
-912 0
-913 0
-914 0
-915 0
-916 0
-917 0
-919 0
949 0
-941 0
-942 0
-943 0
-944 0
-945 0
-946 0
-947 0
-948 0
963 0
-961 0
-962 0
-964 0
-965 0
-966 0
-967 0
-968 0
-969 0
