154 0
-151 0
-152 0
-153 0
-155 0
-156 0
-157 0
-158 0
-159 0
165 0
-161 0
-162 0
-163 0
-164 0
-166 0
-167 0
-168 0
-169 0
214 0
-211 0
-212 0
-213 0
-215 0
-216 0
-217 0
-218 0
-219 0
222 0
-221 0
-223 0
-224 0
-225 0
-226 0
-227 0
-228 0
-229 0
259 0
-251 0
-252 0
-253 0
-254 0
-255 0
-256 0
-257 0
-258 0
287 0
-281 0
-282 0
-283 0
-284 0
-285 0
-286 0
-288 0
-289 0
291 0
-292 0
-293 0
-294 0
-295 0
-296 0
-297 0
-298 0
-299 0
319 0
-311 0
-312 0
-313 0
-314 0
-315 0
-316 0
-317 0
-318 0
346 0
-341 0
-342 0
-343 0
-344 0
-345 0
-347 0
-348 0
-349 0
393 0
-391 0
-392 0
-394 0
-395 0
-396 0
-397 0
-398 0
-399 0
449 0
-441 0
-442 0
-443 0
-444 0
-445 0
-446 0
-447 0
-448 0
462 0
-461 0
-463 0
-464 0
-465 0
-466 0
-467 0
-468 0
-469 0
512 0
-511 0
-513 0
-514 0
-515 0
-516 0
-517 0
-518 0
-519 0
539 0
-531 0
-532 0
-533 0
-534 0
-535 0
-536 0
-537 0
-538 0
578 0
-571 0
-572 0
-573 0
-574 0
-575 0
-576 0
-577 0
-579 0
594 0
-591 0
-592 0
-593 0
-595 0
-596 0
-597 0
-598 0
-599 0
627 0
-621 0
-622 0
-623 0
-624 0
-625 0
-626 0
-628 0
-629 0
643 0
-641 0
-642 0
-644 0
-645 0
-646 0
-647 0
-648 0
-649 0
664 0
-661 0
-662 0
-663 0
-665 0
-666 0
-667 0
-668 0
-669 0
685 0
-681 0
-682 0
-683 0
-684 0
-686 0
-687 0
-688 0
-689 0
715 0
-711 0
-712 0
-713 0
-714 0
-716 0
-717 0
-718 0
-719 0
742 0
-741 0
-743 0
-744 0
-745 0
-746 0
-747 0
-748 0
-749 0
797 0
-791 0
-792 0
-793 0
-794 0
-795 0
-796 0
-798 0
-799 0
816 0
-811 0
-812 0
-813 0
-814 0
-815 0
-817 0
-818 0
-819 0
821 0
-822 0
-823 0
-824 0
-825 0
-826 0
-827 0
-828 0
-829 0
853 0
-851 0
-852 0
-854 0
-855 0
-856 0
-857 0
-858 0
-859 0
884 0
-881 0
-882 0
-883 0
-885 0
-886 0
-887 0
-888 0
-889 0
895 0
-891 0
-892 0
-893 0
-894 0
-896 0
-897 0
-898 0
-899 0
955 0
-951 0
-952 0
-953 0
-954 0
-956 0
-957 0
-958 0
-959 0
966 0
-961 0
-962 0
-963 0
-964 0
-965 0
-967 0
-968 0
-969 0
154 0
-151 0
-152 0
-153 0
-155 0
-156 0
-157 0
-158 0
-159 0
165 0
-161 0
-162 0
-163 0
-164 0
-166 0
-167 0
-168 0
-169 0
214 0
-211 0
-212 0
-213 0
-215 0
-216 0
-217 0
-218 0
-219 0
222 0
-221 0
-223 0
-224 0
-225 0
-226 0
-227 0
-228 0
-229 0
259 0
-251 0
-252 0
-253 0
-254 0
-255 0
-256 0
-257 0
-258 0
287 0
-281 0
-282 0
-283 0
-284 0
-285 0
-286 0
-288 0
-289 0
291 0
-292 0
-293 0
-294 0
-295 0
-296 0
-297 0
-298 0
-299 0
319 0
-311 0
-312 0
-313 0
-314 0
-315 0
-316 0
-317 0
-318 0
346 0
-341 0
-342 0
-343 0
-344 0
-345 0
-347 0
-348 0
-349 0
393 0
-391 0
-392 0
-394 0
-395 0
-396 0
-397 0
-398 0
-399 0
449 0
-441 0
-442 0
-443 0
-444 0
-445 0
-446 0
-447 0
-448 0
462 0
-461 0
-463 0
-464 0
-465 0
-466 0
-467 0
-468 0
-469 0
512 0
-511 0
-513 0
-514 0
-515 0
-516 0
-517 0
-518 0
-519 0
539 0
-531 0
-532 0
-533 0
-534 0
-535 0
-536 0
-537 0
-538 0
578 0
-571 0
-572 0
-573 0
-574 0
-575 0
-576 0
-577 0
-579 0
594 0
-591 0
-592 0
-593 0
-595 0
-596 0
-597 0
-598 0
-599 0
627 0
-621 0
-622 0
-623 0
-624 0
-625 0
-626 0
-628 0
-629 0
643 0
-641 0
-642 0
-644 0
-645 0
-646 0
-647 0
-648 0
-649 0
664 0
-661 0
-662 0
-663 0
-665 0
-666 0
-667 0
-668 0
-669 0
685 0
-681 0
-682 0
-683 0
-684 0
-686 0
-687 0
-688 0
-689 0
715 0
-711 0
-712 0
-713 0
-714 0
-716 0
-717 0
-718 0
-719 0
742 0
-741 0
-743 0
-744 0
-745 0
-746 0
-747 0
-748 0
-749 0
797 0
-791 0
-792 0
-793 0
-794 0
-795 0
-796 0
-798 0
-799 0
816 0
-811 0
-812 0
-813 0
-814 0
-815 0
-817 0
-818 0
-819 0
821 0
-822 0
-823 0
-824 0
-825 0
-826 0
-827 0
-828 0
-829 0
853 0
-851 0
-852 0
-854 0
-855 0
-856 0
-857 0
-858 0
-859 0
884 0
-881 0
-882 0
-883 0
-885 0
-886 0
-887 0
-888 0
-889 0
895 0
-891 0
-892 0
-893 0
-894 0
-896 0
-897 0
-898 0
-899 0
955 0
-951 0
-952 0
-953 0
-954 0
-956 0
-957 0
-958 0
-959 0
966 0
-961 0
-962 0
-963 0
-964 0
-965 0
-967 0
-968 0
-969 0
