119 0
-111 0
-112 0
-113 0
-114 0
-115 0
-116 0
-117 0
-118 0
156 0
-151 0
-152 0
-153 0
-154 0
-155 0
-157 0
-158 0
-159 0
191 0
-192 0
-193 0
-194 0
-195 0
-196 0
-197 0
-198 0
-199 0
217 0
-211 0
-212 0
-213 0
-214 0
-215 0
-216 0
-218 0
-219 0
223 0
-221 0
-222 0
-224 0
-225 0
-226 0
-227 0
-228 0
-229 0
286 0
-281 0
-282 0
-283 0
-284 0
-285 0
-287 0
-288 0
-289 0
295 0
-291 0
-292 0
-293 0
-294 0
-296 0
-297 0
-298 0
-299 0
325 0
-321 0
-322 0
-323 0
-324 0
-326 0
-327 0
-328 0
-329 0
336 0
-331 0
-332 0
-333 0
-334 0
-335 0
-337 0
-338 0
-339 0
353 0
-351 0
-352 0
-354 0
-355 0
-356 0
-357 0
-358 0
-359 0
377 0
-371 0
-372 0
-373 0
-374 0
-375 0
-376 0
-378 0
-379 0
384 0
-381 0
-382 0
-383 0
-385 0
-386 0
-387 0
-388 0
-389 0
447 0
-441 0
-442 0
-443 0
-444 0
-445 0
-446 0
-448 0
-449 0
633 0
-631 0
-632 0
-634 0
-635 0
-636 0
-637 0
-638 0
-639 0
662 0
-661 0
-663 0
-664 0
-665 0
-666 0
-667 0
-668 0
-669 0
676 0
-671 0
-672 0
-673 0
-674 0
-675 0
-677 0
-678 0
-679 0
727 0
-721 0
-722 0
-723 0
-724 0
-725 0
-726 0
-728 0
-729 0
739 0
-731 0
-732 0
-733 0
-734 0
-735 0
-736 0
-737 0
-738 0
754 0
-751 0
-752 0
-753 0
-755 0
-756 0
-757 0
-758 0
-759 0
772 0
-771 0
-773 0
-774 0
-775 0
-776 0
-777 0
-778 0
-779 0
781 0
-782 0
-783 0
-784 0
-785 0
-786 0
-787 0
-788 0
-789 0
815 0
-811 0
-812 0
-813 0
-814 0
-816 0
-817 0
-818 0
-819 0
824 0
-821 0
-822 0
-823 0
-825 0
-826 0
-827 0
-828 0
-829 0
883 0
-881 0
-882 0
-884 0
-885 0
-886 0
-887 0
-888 0
-889 0
897 0
-891 0
-892 0
-893 0
-894 0
-895 0
-896 0
-898 0
-899 0
911 0
-912 0
-913 0
-914 0
-915 0
-916 0
-917 0
-918 0
-919 0
957 0
-951 0
-952 0
-953 0
-954 0
-955 0
-956 0
-958 0
-959 0
998 0
-991 0
-992 0
-993 0
-994 0
-995 0
-996 0
-997 0
-999 0
