118 0
-111 0
-112 0
-113 0
-114 0
-115 0
-116 0
-117 0
-119 0
137 0
-131 0
-132 0
-133 0
-134 0
-135 0
-136 0
-138 0
-139 0
155 0
-151 0
-152 0
-153 0
-154 0
-156 0
-157 0
-158 0
-159 0
173 0
-171 0
-172 0
-174 0
-175 0
-176 0
-177 0
-178 0
-179 0
196 0
-191 0
-192 0
-193 0
-194 0
-195 0
-197 0
-198 0
-199 0
216 0
-211 0
-212 0
-213 0
-214 0
-215 0
-217 0
-218 0
-219 0
291 0
-292 0
-293 0
-294 0
-295 0
-296 0
-297 0
-298 0
-299 0
346 0
-341 0
-342 0
-343 0
-344 0
-345 0
-347 0
-348 0
-349 0
357 0
-351 0
-352 0
-353 0
-354 0
-355 0
-356 0
-358 0
-359 0
362 0
-361 0
-363 0
-364 0
-365 0
-366 0
-367 0
-368 0
-369 0
439 0
-431 0
-432 0
-433 0
-434 0
-435 0
-436 0
-437 0
-438 0
453 0
-451 0
-452 0
-454 0
-455 0
-456 0
-457 0
-458 0
-459 0
472 0
-471 0
-473 0
-474 0
-475 0
-476 0
-477 0
-478 0
-479 0
511 0
-512 0
-513 0
-514 0
-515 0
-516 0
-517 0
-518 0
-519 0
534 0
-531 0
-532 0
-533 0
-535 0
-536 0
-537 0
-538 0
-539 0
549 0
-541 0
-542 0
-543 0
-544 0
-545 0
-546 0
-547 0
-548 0
567 0
-561 0
-562 0
-563 0
-564 0
-565 0
-566 0
-568 0
-569 0
576 0
-571 0
-572 0
-573 0
-574 0
-575 0
-577 0
-578 0
-579 0
593 0
-591 0
-592 0
-594 0
-595 0
-596 0
-597 0
-598 0
-599 0
632 0
-631 0
-633 0
-634 0
-635 0
-636 0
-637 0
-638 0
-639 0
654 0
-651 0
-652 0
-653 0
-655 0
-656 0
-657 0
-658 0
-659 0
675 0
-671 0
-672 0
-673 0
-674 0
-676 0
-677 0
-678 0
-679 0
744 0
-741 0
-742 0
-743 0
-745 0
-746 0
-747 0
-748 0
-749 0
751 0
-752 0
-753 0
-754 0
-755 0
-756 0
-757 0
-758 0
-759 0
763 0
-761 0
-762 0
-764 0
-765 0
-766 0
-767 0
-768 0
-769 0
819 0
-811 0
-812 0
-813 0
-814 0
-815 0
-816 0
-817 0
-818 0
897 0
-891 0
-892 0
-893 0
-894 0
-895 0
-896 0
-898 0
-899 0
912 0
-911 0
-913 0
-914 0
-915 0
-916 0
-917 0
-918 0
-919 0
933 0
-931 0
-932 0
-934 0
-935 0
-936 0
-937 0
-938 0
-939 0
958 0
-951 0
-952 0
-953 0
-954 0
-955 0
-956 0
-957 0
-959 0
974 0
-971 0
-972 0
-973 0
-975 0
-976 0
-977 0
-978 0
-979 0
995 0
-991 0
-992 0
-993 0
-994 0
-996 0
-997 0
-998 0
-999 0
