119 0
-111 0
-112 0
-113 0
-114 0
-115 0
-116 0
-117 0
-118 0
136 0
-131 0
-132 0
-133 0
-134 0
-135 0
-137 0
-138 0
-139 0
141 0
-142 0
-143 0
-144 0
-145 0
-146 0
-147 0
-148 0
-149 0
155 0
-151 0
-152 0
-153 0
-154 0
-156 0
-157 0
-158 0
-159 0
174 0
-171 0
-172 0
-173 0
-175 0
-176 0
-177 0
-178 0
-179 0
192 0
-191 0
-193 0
-194 0
-195 0
-196 0
-197 0
-198 0
-199 0
227 0
-221 0
-222 0
-223 0
-224 0
-225 0
-226 0
-228 0
-229 0
252 0
-251 0
-253 0
-254 0
-255 0
-256 0
-257 0
-258 0
-259 0
289 0
-281 0
-282 0
-283 0
-284 0
-285 0
-286 0
-287 0
-288 0
325 0
-321 0
-322 0
-323 0
-324 0
-326 0
-327 0
-328 0
-329 0
356 0
-351 0
-352 0
-353 0
-354 0
-355 0
-357 0
-358 0
-359 0
388 0
-381 0
-382 0
-383 0
-384 0
-385 0
-386 0
-387 0
-389 0
422 0
-421 0
-423 0
-424 0
-425 0
-426 0
-427 0
-428 0
-429 0
438 0
-431 0
-432 0
-433 0
-434 0
-435 0
-436 0
-437 0
-439 0
473 0
-471 0
-472 0
-474 0
-475 0
-476 0
-477 0
-478 0
-479 0
486 0
-481 0
-482 0
-483 0
-484 0
-485 0
-487 0
-488 0
-489 0
517 0
-511 0
-512 0
-513 0
-514 0
-515 0
-516 0
-518 0
-519 0
521 0
-522 0
-523 0
-524 0
-525 0
-526 0
-527 0
-528 0
-529 0
582 0
-581 0
-583 0
-584 0
-585 0
-586 0
-587 0
-588 0
-589 0
594 0
-591 0
-592 0
-593 0
-595 0
-596 0
-597 0
-598 0
-599 0
613 0
-611 0
-612 0
-614 0
-615 0
-616 0
-617 0
-618 0
-619 0
697 0
-691 0
-692 0
-693 0
-694 0
-695 0
-696 0
-698 0
-699 0
724 0
-721 0
-722 0
-723 0
-725 0
-726 0
-727 0
-728 0
-729 0
758 0
-751 0
-752 0
-753 0
-754 0
-755 0
-756 0
-757 0
-759 0
783 0
-781 0
-782 0
-784 0
-785 0
-786 0
-787 0
-788 0
-789 0
829 0
-821 0
-822 0
-823 0
-824 0
-825 0
-826 0
-827 0
-828 0
851 0
-852 0
-853 0
-854 0
-855 0
-856 0
-857 0
-858 0
-859 0
884 0
-881 0
-882 0
-883 0
-885 0
-886 0
-887 0
-888 0
-889 0
916 0
-911 0
-912 0
-913 0
-914 0
-915 0
-917 0
-918 0
-919 0
932 0
-931 0
-933 0
-934 0
-935 0
-936 0
-937 0
-938 0
-939 0
959 0
-951 0
-952 0
-953 0
-954 0
-955 0
-956 0
-957 0
-958 0
964 0
-961 0
-962 0
-963 0
-965 0
-966 0
-967 0
-968 0
-969 0
975 0
-971 0
-972 0
-973 0
-974 0
-976 0
-977 0
-978 0
-979 0
998 0
-991 0
-992 0
-993 0
-994 0
-995 0
-996 0
-997 0
-999 0
119 0
-111 0
-112 0
-113 0
-114 0
-115 0
-116 0
-117 0
-118 0
136 0
-131 0
-132 0
-133 0
-134 0
-135 0
-137 0
-138 0
-139 0
141 0
-142 0
-143 0
-144 0
-145 0
-146 0
-147 0
-148 0
-149 0
155 0
-151 0
-152 0
-153 0
-154 0
-156 0
-157 0
-158 0
-159 0
174 0
-171 0
-172 0
-173 0
-175 0
-176 0
-177 0
-178 0
-179 0
192 0
-191 0
-193 0
-194 0
-195 0
-196 0
-197 0
-198 0
-199 0
227 0
-221 0
-222 0
-223 0
-224 0
-225 0
-226 0
-228 0
-229 0
252 0
-251 0
-253 0
-254 0
-255 0
-256 0
-257 0
-258 0
-259 0
289 0
-281 0
-282 0
-283 0
-284 0
-285 0
-286 0
-287 0
-288 0
325 0
-321 0
-322 0
-323 0
-324 0
-326 0
-327 0
-328 0
-329 0
356 0
-351 0
-352 0
-353 0
-354 0
-355 0
-357 0
-358 0
-359 0
388 0
-381 0
-382 0
-383 0
-384 0
-385 0
-386 0
-387 0
-389 0
422 0
-421 0
-423 0
-424 0
-425 0
-426 0
-427 0
-428 0
-429 0
438 0
-431 0
-432 0
-433 0
-434 0
-435 0
-436 0
-437 0
-439 0
473 0
-471 0
-472 0
-474 0
-475 0
-476 0
-477 0
-478 0
-479 0
486 0
-481 0
-482 0
-483 0
-484 0
-485 0
-487 0
-488 0
-489 0
517 0
-511 0
-512 0
-513 0
-514 0
-515 0
-516 0
-518 0
-519 0
521 0
-522 0
-523 0
-524 0
-525 0
-526 0
-527 0
-528 0
-529 0
582 0
-581 0
-583 0
-584 0
-585 0
-586 0
-587 0
-588 0
-589 0
594 0
-591 0
-592 0
-593 0
-595 0
-596 0
-597 0
-598 0
-599 0
613 0
-611 0
-612 0
-614 0
-615 0
-616 0
-617 0
-618 0
-619 0
697 0
-691 0
-692 0
-693 0
-694 0
-695 0
-696 0
-698 0
-699 0
724 0
-721 0
-722 0
-723 0
-725 0
-726 0
-727 0
-728 0
-729 0
758 0
-751 0
-752 0
-753 0
-754 0
-755 0
-756 0
-757 0
-759 0
783 0
-781 0
-782 0
-784 0
-785 0
-786 0
-787 0
-788 0
-789 0
829 0
-821 0
-822 0
-823 0
-824 0
-825 0
-826 0
-827 0
-828 0
851 0
-852 0
-853 0
-854 0
-855 0
-856 0
-857 0
-858 0
-859 0
884 0
-881 0
-882 0
-883 0
-885 0
-886 0
-887 0
-888 0
-889 0
916 0
-911 0
-912 0
-913 0
-914 0
-915 0
-917 0
-918 0
-919 0
932 0
-931 0
-933 0
-934 0
-935 0
-936 0
-937 0
-938 0
-939 0
959 0
-951 0
-952 0
-953 0
-954 0
-955 0
-956 0
-957 0
-958 0
964 0
-961 0
-962 0
-963 0
-965 0
-966 0
-967 0
-968 0
-969 0
975 0
-971 0
-972 0
-973 0
-974 0
-976 0
-977 0
-978 0
-979 0
998 0
-991 0
-992 0
-993 0
-994 0
-995 0
-996 0
-997 0
-999 0
