128 0
-121 0
-122 0
-123 0
-124 0
-125 0
-126 0
-127 0
-129 0
144 0
-141 0
-142 0
-143 0
-145 0
-146 0
-147 0
-148 0
-149 0
163 0
-161 0
-162 0
-164 0
-165 0
-166 0
-167 0
-168 0
-169 0
187 0
-181 0
-182 0
-183 0
-184 0
-185 0
-186 0
-188 0
-189 0
237 0
-231 0
-232 0
-233 0
-234 0
-235 0
-236 0
-238 0
-239 0
276 0
-271 0
-272 0
-273 0
-274 0
-275 0
-277 0
-278 0
-279 0
323 0
-321 0
-322 0
-324 0
-325 0
-326 0
-327 0
-328 0
-329 0
331 0
-332 0
-333 0
-334 0
-335 0
-336 0
-337 0
-338 0
-339 0
345 0
-341 0
-342 0
-343 0
-344 0
-346 0
-347 0
-348 0
-349 0
362 0
-361 0
-363 0
-364 0
-365 0
-366 0
-367 0
-368 0
-369 0
374 0
-371 0
-372 0
-373 0
-375 0
-376 0
-377 0
-378 0
-379 0
389 0
-381 0
-382 0
-383 0
-384 0
-385 0
-386 0
-387 0
-388 0
479 0
-471 0
-472 0
-473 0
-474 0
-475 0
-476 0
-477 0
-478 0
482 0
-481 0
-483 0
-484 0
-485 0
-486 0
-487 0
-488 0
-489 0
518 0
-511 0
-512 0
-513 0
-514 0
-515 0
-516 0
-517 0
-519 0
533 0
-531 0
-532 0
-534 0
-535 0
-536 0
-537 0
-538 0
-539 0
577 0
-571 0
-572 0
-573 0
-574 0
-575 0
-576 0
-578 0
-579 0
595 0
-591 0
-592 0
-593 0
-594 0
-596 0
-597 0
-598 0
-599 0
626 0
-621 0
-622 0
-623 0
-624 0
-625 0
-627 0
-628 0
-629 0
632 0
-631 0
-633 0
-634 0
-635 0
-636 0
-637 0
-638 0
-639 0
727 0
-721 0
-722 0
-723 0
-724 0
-725 0
-726 0
-728 0
-729 0
739 0
-731 0
-732 0
-733 0
-734 0
-735 0
-736 0
-737 0
-738 0
743 0
-741 0
-742 0
-744 0
-745 0
-746 0
-747 0
-748 0
-749 0
764 0
-761 0
-762 0
-763 0
-765 0
-766 0
-767 0
-768 0
-769 0
775 0
-771 0
-772 0
-773 0
-774 0
-776 0
-777 0
-778 0
-779 0
781 0
-782 0
-783 0
-784 0
-785 0
-786 0
-787 0
-788 0
-789 0
836 0
-831 0
-832 0
-833 0
-834 0
-835 0
-837 0
-838 0
-839 0
878 0
-871 0
-872 0
-873 0
-874 0
-875 0
-876 0
-877 0
-879 0
921 0
-922 0
-923 0
-924 0
-925 0
-926 0
-927 0
-928 0
-929 0
946 0
-941 0
-942 0
-943 0
-944 0
-945 0
-947 0
-948 0
-949 0
967 0
-961 0
-962 0
-963 0
-964 0
-965 0
-966 0
-968 0
-969 0
984 0
-981 0
-982 0
-983 0
-985 0
-986 0
-987 0
-988 0
-989 0
128 0
-121 0
-122 0
-123 0
-124 0
-125 0
-126 0
-127 0
-129 0
144 0
-141 0
-142 0
-143 0
-145 0
-146 0
-147 0
-148 0
-149 0
163 0
-161 0
-162 0
-164 0
-165 0
-166 0
-167 0
-168 0
-169 0
187 0
-181 0
-182 0
-183 0
-184 0
-185 0
-186 0
-188 0
-189 0
237 0
-231 0
-232 0
-233 0
-234 0
-235 0
-236 0
-238 0
-239 0
276 0
-271 0
-272 0
-273 0
-274 0
-275 0
-277 0
-278 0
-279 0
323 0
-321 0
-322 0
-324 0
-325 0
-326 0
-327 0
-328 0
-329 0
331 0
-332 0
-333 0
-334 0
-335 0
-336 0
-337 0
-338 0
-339 0
345 0
-341 0
-342 0
-343 0
-344 0
-346 0
-347 0
-348 0
-349 0
362 0
-361 0
-363 0
-364 0
-365 0
-366 0
-367 0
-368 0
-369 0
374 0
-371 0
-372 0
-373 0
-375 0
-376 0
-377 0
-378 0
-379 0
389 0
-381 0
-382 0
-383 0
-384 0
-385 0
-386 0
-387 0
-388 0
479 0
-471 0
-472 0
-473 0
-474 0
-475 0
-476 0
-477 0
-478 0
482 0
-481 0
-483 0
-484 0
-485 0
-486 0
-487 0
-488 0
-489 0
518 0
-511 0
-512 0
-513 0
-514 0
-515 0
-516 0
-517 0
-519 0
533 0
-531 0
-532 0
-534 0
-535 0
-536 0
-537 0
-538 0
-539 0
577 0
-571 0
-572 0
-573 0
-574 0
-575 0
-576 0
-578 0
-579 0
595 0
-591 0
-592 0
-593 0
-594 0
-596 0
-597 0
-598 0
-599 0
626 0
-621 0
-622 0
-623 0
-624 0
-625 0
-627 0
-628 0
-629 0
632 0
-631 0
-633 0
-634 0
-635 0
-636 0
-637 0
-638 0
-639 0
727 0
-721 0
-722 0
-723 0
-724 0
-725 0
-726 0
-728 0
-729 0
739 0
-731 0
-732 0
-733 0
-734 0
-735 0
-736 0
-737 0
-738 0
743 0
-741 0
-742 0
-744 0
-745 0
-746 0
-747 0
-748 0
-749 0
764 0
-761 0
-762 0
-763 0
-765 0
-766 0
-767 0
-768 0
-769 0
775 0
-771 0
-772 0
-773 0
-774 0
-776 0
-777 0
-778 0
-779 0
781 0
-782 0
-783 0
-784 0
-785 0
-786 0
-787 0
-788 0
-789 0
836 0
-831 0
-832 0
-833 0
-834 0
-835 0
-837 0
-838 0
-839 0
878 0
-871 0
-872 0
-873 0
-874 0
-875 0
-876 0
-877 0
-879 0
921 0
-922 0
-923 0
-924 0
-925 0
-926 0
-927 0
-928 0
-929 0
946 0
-941 0
-942 0
-943 0
-944 0
-945 0
-947 0
-948 0
-949 0
967 0
-961 0
-962 0
-963 0
-964 0
-965 0
-966 0
-968 0
-969 0
984 0
-981 0
-982 0
-983 0
-985 0
-986 0
-987 0
-988 0
-989 0
