131 0
-132 0
-133 0
-134 0
-135 0
-136 0
-137 0
-138 0
-139 0
143 0
-141 0
-142 0
-144 0
-145 0
-146 0
-147 0
-148 0
-149 0
177 0
-171 0
-172 0
-173 0
-174 0
-175 0
-176 0
-178 0
-179 0
224 0
-221 0
-222 0
-223 0
-225 0
-226 0
-227 0
-228 0
-229 0
247 0
-241 0
-242 0
-243 0
-244 0
-245 0
-246 0
-248 0
-249 0
283 0
-281 0
-282 0
-284 0
-285 0
-286 0
-287 0
-288 0
-289 0
315 0
-311 0
-312 0
-313 0
-314 0
-316 0
-317 0
-318 0
-319 0
356 0
-351 0
-352 0
-353 0
-354 0
-355 0
-357 0
-358 0
-359 0
368 0
-361 0
-362 0
-363 0
-364 0
-365 0
-366 0
-367 0
-369 0
392 0
-391 0
-393 0
-394 0
-395 0
-396 0
-397 0
-398 0
-399 0
439 0
-431 0
-432 0
-433 0
-434 0
-435 0
-436 0
-437 0
-438 0
446 0
-441 0
-442 0
-443 0
-444 0
-445 0
-447 0
-448 0
-449 0
464 0
-461 0
-462 0
-463 0
-465 0
-466 0
-467 0
-468 0
-469 0
485 0
-481 0
-482 0
-483 0
-484 0
-486 0
-487 0
-488 0
-489 0
498 0
-491 0
-492 0
-493 0
-494 0
-495 0
-496 0
-497 0
-499 0
538 0
-531 0
-532 0
-533 0
-534 0
-535 0
-536 0
-537 0
-539 0
579 0
-571 0
-572 0
-573 0
-574 0
-575 0
-576 0
-577 0
-578 0
617 0
-611 0
-612 0
-613 0
-614 0
-615 0
-616 0
-618 0
-619 0
623 0
-621 0
-622 0
-624 0
-625 0
-626 0
-627 0
-628 0
-629 0
645 0
-641 0
-642 0
-643 0
-644 0
-646 0
-647 0
-648 0
-649 0
669 0
-661 0
-662 0
-663 0
-664 0
-665 0
-666 0
-667 0
-668 0
674 0
-671 0
-672 0
-673 0
-675 0
-676 0
-677 0
-678 0
-679 0
713 0
-711 0
-712 0
-714 0
-715 0
-716 0
-717 0
-718 0
-719 0
749 0
-741 0
-742 0
-743 0
-744 0
-745 0
-746 0
-747 0
-748 0
752 0
-751 0
-753 0
-754 0
-755 0
-756 0
-757 0
-758 0
-759 0
794 0
-791 0
-792 0
-793 0
-795 0
-796 0
-797 0
-798 0
-799 0
828 0
-821 0
-822 0
-823 0
-824 0
-825 0
-826 0
-827 0
-829 0
863 0
-861 0
-862 0
-864 0
-865 0
-866 0
-867 0
-868 0
-869 0
887 0
-881 0
-882 0
-883 0
-884 0
-885 0
-886 0
-888 0
-889 0
937 0
-931 0
-932 0
-933 0
-934 0
-935 0
-936 0
-938 0
-939 0
966 0
-961 0
-962 0
-963 0
-964 0
-965 0
-967 0
-968 0
-969 0
975 0
-971 0
-972 0
-973 0
-974 0
-976 0
-977 0
-978 0
-979 0
