124 0
-121 0
-122 0
-123 0
-125 0
-126 0
-127 0
-128 0
-129 0
147 0
-141 0
-142 0
-143 0
-144 0
-145 0
-146 0
-148 0
-149 0
152 0
-151 0
-153 0
-154 0
-155 0
-156 0
-157 0
-158 0
-159 0
166 0
-161 0
-162 0
-163 0
-164 0
-165 0
-167 0
-168 0
-169 0
188 0
-181 0
-182 0
-183 0
-184 0
-185 0
-186 0
-187 0
-189 0
241 0
-242 0
-243 0
-244 0
-245 0
-246 0
-247 0
-248 0
-249 0
315 0
-311 0
-312 0
-313 0
-314 0
-316 0
-317 0
-318 0
-319 0
321 0
-322 0
-323 0
-324 0
-325 0
-326 0
-327 0
-328 0
-329 0
387 0
-381 0
-382 0
-383 0
-384 0
-385 0
-386 0
-388 0
-389 0
393 0
-391 0
-392 0
-394 0
-395 0
-396 0
-397 0
-398 0
-399 0
418 0
-411 0
-412 0
-413 0
-414 0
-415 0
-416 0
-417 0
-419 0
439 0
-431 0
-432 0
-433 0
-434 0
-435 0
-436 0
-437 0
-438 0
451 0
-452 0
-453 0
-454 0
-455 0
-456 0
-457 0
-458 0
-459 0
483 0
-481 0
-482 0
-484 0
-485 0
-486 0
-487 0
-488 0
-489 0
494 0
-491 0
-492 0
-493 0
-495 0
-496 0
-497 0
-498 0
-499 0
549 0
-541 0
-542 0
-543 0
-544 0
-545 0
-546 0
-547 0
-548 0
563 0
-561 0
-562 0
-564 0
-565 0
-566 0
-567 0
-568 0
-569 0
611 0
-612 0
-613 0
-614 0
-615 0
-616 0
-617 0
-618 0
-619 0
623 0
-621 0
-622 0
-624 0
-625 0
-626 0
-627 0
-628 0
-629 0
658 0
-651 0
-652 0
-653 0
-654 0
-655 0
-656 0
-657 0
-659 0
675 0
-671 0
-672 0
-673 0
-674 0
-676 0
-677 0
-678 0
-679 0
699 0
-691 0
-692 0
-693 0
-694 0
-695 0
-696 0
-697 0
-698 0
716 0
-711 0
-712 0
-713 0
-714 0
-715 0
-717 0
-718 0
-719 0
725 0
-721 0
-722 0
-723 0
-724 0
-726 0
-727 0
-728 0
-729 0
784 0
-781 0
-782 0
-783 0
-785 0
-786 0
-787 0
-788 0
-789 0
792 0
-791 0
-793 0
-794 0
-795 0
-796 0
-797 0
-798 0
-799 0
842 0
-841 0
-843 0
-844 0
-845 0
-846 0
-847 0
-848 0
-849 0
928 0
-921 0
-922 0
-923 0
-924 0
-925 0
-926 0
-927 0
-929 0
944 0
-941 0
-942 0
-943 0
-945 0
-946 0
-947 0
-948 0
-949 0
956 0
-951 0
-952 0
-953 0
-954 0
-955 0
-957 0
-958 0
-959 0
969 0
-961 0
-962 0
-963 0
-964 0
-965 0
-966 0
-967 0
-968 0
985 0
-981 0
-982 0
-983 0
-984 0
-986 0
-987 0
-988 0
-989 0
124 0
-121 0
-122 0
-123 0
-125 0
-126 0
-127 0
-128 0
-129 0
147 0
-141 0
-142 0
-143 0
-144 0
-145 0
-146 0
-148 0
-149 0
152 0
-151 0
-153 0
-154 0
-155 0
-156 0
-157 0
-158 0
-159 0
166 0
-161 0
-162 0
-163 0
-164 0
-165 0
-167 0
-168 0
-169 0
188 0
-181 0
-182 0
-183 0
-184 0
-185 0
-186 0
-187 0
-189 0
241 0
-242 0
-243 0
-244 0
-245 0
-246 0
-247 0
-248 0
-249 0
315 0
-311 0
-312 0
-313 0
-314 0
-316 0
-317 0
-318 0
-319 0
321 0
-322 0
-323 0
-324 0
-325 0
-326 0
-327 0
-328 0
-329 0
387 0
-381 0
-382 0
-383 0
-384 0
-385 0
-386 0
-388 0
-389 0
393 0
-391 0
-392 0
-394 0
-395 0
-396 0
-397 0
-398 0
-399 0
418 0
-411 0
-412 0
-413 0
-414 0
-415 0
-416 0
-417 0
-419 0
439 0
-431 0
-432 0
-433 0
-434 0
-435 0
-436 0
-437 0
-438 0
451 0
-452 0
-453 0
-454 0
-455 0
-456 0
-457 0
-458 0
-459 0
483 0
-481 0
-482 0
-484 0
-485 0
-486 0
-487 0
-488 0
-489 0
494 0
-491 0
-492 0
-493 0
-495 0
-496 0
-497 0
-498 0
-499 0
549 0
-541 0
-542 0
-543 0
-544 0
-545 0
-546 0
-547 0
-548 0
563 0
-561 0
-562 0
-564 0
-565 0
-566 0
-567 0
-568 0
-569 0
611 0
-612 0
-613 0
-614 0
-615 0
-616 0
-617 0
-618 0
-619 0
623 0
-621 0
-622 0
-624 0
-625 0
-626 0
-627 0
-628 0
-629 0
658 0
-651 0
-652 0
-653 0
-654 0
-655 0
-656 0
-657 0
-659 0
675 0
-671 0
-672 0
-673 0
-674 0
-676 0
-677 0
-678 0
-679 0
699 0
-691 0
-692 0
-693 0
-694 0
-695 0
-696 0
-697 0
-698 0
716 0
-711 0
-712 0
-713 0
-714 0
-715 0
-717 0
-718 0
-719 0
725 0
-721 0
-722 0
-723 0
-724 0
-726 0
-727 0
-728 0
-729 0
784 0
-781 0
-782 0
-783 0
-785 0
-786 0
-787 0
-788 0
-789 0
792 0
-791 0
-793 0
-794 0
-795 0
-796 0
-797 0
-798 0
-799 0
842 0
-841 0
-843 0
-844 0
-845 0
-846 0
-847 0
-848 0
-849 0
928 0
-921 0
-922 0
-923 0
-924 0
-925 0
-926 0
-927 0
-929 0
944 0
-941 0
-942 0
-943 0
-945 0
-946 0
-947 0
-948 0
-949 0
956 0
-951 0
-952 0
-953 0
-954 0
-955 0
-957 0
-958 0
-959 0
969 0
-961 0
-962 0
-963 0
-964 0
-965 0
-966 0
-967 0
-968 0
985 0
-981 0
-982 0
-983 0
-984 0
-986 0
-987 0
-988 0
-989 0
