132 0
-131 0
-133 0
-134 0
-135 0
-136 0
-137 0
-138 0
-139 0
149 0
-141 0
-142 0
-143 0
-144 0
-145 0
-146 0
-147 0
-148 0
164 0
-161 0
-162 0
-163 0
-165 0
-166 0
-167 0
-168 0
-169 0
171 0
-172 0
-173 0
-174 0
-175 0
-176 0
-177 0
-178 0
-179 0
238 0
-231 0
-232 0
-233 0
-234 0
-235 0
-236 0
-237 0
-239 0
255 0
-251 0
-252 0
-253 0
-254 0
-256 0
-257 0
-258 0
-259 0
274 0
-271 0
-272 0
-273 0
-275 0
-276 0
-277 0
-278 0
-279 0
316 0
-311 0
-312 0
-313 0
-314 0
-315 0
-317 0
-318 0
-319 0
323 0
-321 0
-322 0
-324 0
-325 0
-326 0
-327 0
-328 0
-329 0
341 0
-342 0
-343 0
-344 0
-345 0
-346 0
-347 0
-348 0
-349 0
385 0
-381 0
-382 0
-383 0
-384 0
-386 0
-387 0
-388 0
-389 0
399 0
-391 0
-392 0
-393 0
-394 0
-395 0
-396 0
-397 0
-398 0
412 0
-411 0
-413 0
-414 0
-415 0
-416 0
-417 0
-418 0
-419 0
451 0
-452 0
-453 0
-454 0
-455 0
-456 0
-457 0
-458 0
-459 0
473 0
-471 0
-472 0
-474 0
-475 0
-476 0
-477 0
-478 0
-479 0
497 0
-491 0
-492 0
-493 0
-494 0
-495 0
-496 0
-498 0
-499 0
526 0
-521 0
-522 0
-523 0
-524 0
-525 0
-527 0
-528 0
-529 0
544 0
-541 0
-542 0
-543 0
-545 0
-546 0
-547 0
-548 0
-549 0
562 0
-561 0
-563 0
-564 0
-565 0
-566 0
-567 0
-568 0
-569 0
588 0
-581 0
-582 0
-583 0
-584 0
-585 0
-586 0
-587 0
-589 0
614 0
-611 0
-612 0
-613 0
-615 0
-616 0
-617 0
-618 0
-619 0
631 0
-632 0
-633 0
-634 0
-635 0
-636 0
-637 0
-638 0
-639 0
657 0
-651 0
-652 0
-653 0
-654 0
-655 0
-656 0
-658 0
-659 0
692 0
-691 0
-693 0
-694 0
-695 0
-696 0
-697 0
-698 0
-699 0
711 0
-712 0
-713 0
-714 0
-715 0
-716 0
-717 0
-718 0
-719 0
724 0
-721 0
-722 0
-723 0
-725 0
-726 0
-727 0
-728 0
-729 0
769 0
-761 0
-762 0
-763 0
-764 0
-765 0
-766 0
-767 0
-768 0
786 0
-781 0
-782 0
-783 0
-784 0
-785 0
-787 0
-788 0
-789 0
795 0
-791 0
-792 0
-793 0
-794 0
-796 0
-797 0
-798 0
-799 0
836 0
-831 0
-832 0
-833 0
-834 0
-835 0
-837 0
-838 0
-839 0
853 0
-851 0
-852 0
-854 0
-855 0
-856 0
-857 0
-858 0
-859 0
879 0
-871 0
-872 0
-873 0
-874 0
-875 0
-876 0
-877 0
-878 0
935 0
-931 0
-932 0
-933 0
-934 0
-936 0
-937 0
-938 0
-939 0
942 0
-941 0
-943 0
-944 0
-945 0
-946 0
-947 0
-948 0
-949 0
966 0
-961 0
-962 0
-963 0
-964 0
-965 0
-967 0
-968 0
-969 0
978 0
-971 0
-972 0
-973 0
-974 0
-975 0
-976 0
-977 0
-979 0
132 0
-131 0
-133 0
-134 0
-135 0
-136 0
-137 0
-138 0
-139 0
149 0
-141 0
-142 0
-143 0
-144 0
-145 0
-146 0
-147 0
-148 0
164 0
-161 0
-162 0
-163 0
-165 0
-166 0
-167 0
-168 0
-169 0
171 0
-172 0
-173 0
-174 0
-175 0
-176 0
-177 0
-178 0
-179 0
238 0
-231 0
-232 0
-233 0
-234 0
-235 0
-236 0
-237 0
-239 0
255 0
-251 0
-252 0
-253 0
-254 0
-256 0
-257 0
-258 0
-259 0
274 0
-271 0
-272 0
-273 0
-275 0
-276 0
-277 0
-278 0
-279 0
316 0
-311 0
-312 0
-313 0
-314 0
-315 0
-317 0
-318 0
-319 0
323 0
-321 0
-322 0
-324 0
-325 0
-326 0
-327 0
-328 0
-329 0
341 0
-342 0
-343 0
-344 0
-345 0
-346 0
-347 0
-348 0
-349 0
385 0
-381 0
-382 0
-383 0
-384 0
-386 0
-387 0
-388 0
-389 0
399 0
-391 0
-392 0
-393 0
-394 0
-395 0
-396 0
-397 0
-398 0
412 0
-411 0
-413 0
-414 0
-415 0
-416 0
-417 0
-418 0
-419 0
451 0
-452 0
-453 0
-454 0
-455 0
-456 0
-457 0
-458 0
-459 0
473 0
-471 0
-472 0
-474 0
-475 0
-476 0
-477 0
-478 0
-479 0
497 0
-491 0
-492 0
-493 0
-494 0
-495 0
-496 0
-498 0
-499 0
526 0
-521 0
-522 0
-523 0
-524 0
-525 0
-527 0
-528 0
-529 0
544 0
-541 0
-542 0
-543 0
-545 0
-546 0
-547 0
-548 0
-549 0
562 0
-561 0
-563 0
-564 0
-565 0
-566 0
-567 0
-568 0
-569 0
588 0
-581 0
-582 0
-583 0
-584 0
-585 0
-586 0
-587 0
-589 0
614 0
-611 0
-612 0
-613 0
-615 0
-616 0
-617 0
-618 0
-619 0
631 0
-632 0
-633 0
-634 0
-635 0
-636 0
-637 0
-638 0
-639 0
657 0
-651 0
-652 0
-653 0
-654 0
-655 0
-656 0
-658 0
-659 0
692 0
-691 0
-693 0
-694 0
-695 0
-696 0
-697 0
-698 0
-699 0
711 0
-712 0
-713 0
-714 0
-715 0
-716 0
-717 0
-718 0
-719 0
724 0
-721 0
-722 0
-723 0
-725 0
-726 0
-727 0
-728 0
-729 0
769 0
-761 0
-762 0
-763 0
-764 0
-765 0
-766 0
-767 0
-768 0
786 0
-781 0
-782 0
-783 0
-784 0
-785 0
-787 0
-788 0
-789 0
795 0
-791 0
-792 0
-793 0
-794 0
-796 0
-797 0
-798 0
-799 0
836 0
-831 0
-832 0
-833 0
-834 0
-835 0
-837 0
-838 0
-839 0
853 0
-851 0
-852 0
-854 0
-855 0
-856 0
-857 0
-858 0
-859 0
879 0
-871 0
-872 0
-873 0
-874 0
-875 0
-876 0
-877 0
-878 0
935 0
-931 0
-932 0
-933 0
-934 0
-936 0
-937 0
-938 0
-939 0
942 0
-941 0
-943 0
-944 0
-945 0
-946 0
-947 0
-948 0
-949 0
966 0
-961 0
-962 0
-963 0
-964 0
-965 0
-967 0
-968 0
-969 0
978 0
-971 0
-972 0
-973 0
-974 0
-975 0
-976 0
-977 0
-979 0
