112 0
-111 0
-113 0
-114 0
-115 0
-116 0
-117 0
-118 0
-119 0
183 0
-181 0
-182 0
-184 0
-185 0
-186 0
-187 0
-188 0
-189 0
267 0
-261 0
-262 0
-263 0
-264 0
-265 0
-266 0
-268 0
-269 0
289 0
-281 0
-282 0
-283 0
-284 0
-285 0
-286 0
-287 0
-288 0
294 0
-291 0
-292 0
-293 0
-295 0
-296 0
-297 0
-298 0
-299 0
318 0
-311 0
-312 0
-313 0
-314 0
-315 0
-316 0
-317 0
-319 0
346 0
-341 0
-342 0
-343 0
-344 0
-345 0
-347 0
-348 0
-349 0
448 0
-441 0
-442 0
-443 0
-444 0
-445 0
-446 0
-447 0
-449 0
475 0
-471 0
-472 0
-473 0
-474 0
-476 0
-477 0
-478 0
-479 0
537 0
-531 0
-532 0
-533 0
-534 0
-535 0
-536 0
-538 0
-539 0
565 0
-561 0
-562 0
-563 0
-564 0
-566 0
-567 0
-568 0
-569 0
596 0
-591 0
-592 0
-593 0
-594 0
-595 0
-597 0
-598 0
-599 0
613 0
-611 0
-612 0
-614 0
-615 0
-616 0
-617 0
-618 0
-619 0
628 0
-621 0
-622 0
-623 0
-624 0
-625 0
-626 0
-627 0
-629 0
833 0
-831 0
-832 0
-834 0
-835 0
-836 0
-837 0
-838 0
-839 0
847 0
-841 0
-842 0
-843 0
-844 0
-845 0
-846 0
-848 0
-849 0
859 0
-851 0
-852 0
-853 0
-854 0
-855 0
-856 0
-857 0
-858 0
864 0
-861 0
-862 0
-863 0
-865 0
-866 0
-867 0
-868 0
-869 0
941 0
-942 0
-943 0
-944 0
-945 0
-946 0
-947 0
-948 0
-949 0
963 0
-961 0
-962 0
-964 0
-965 0
-966 0
-967 0
-968 0
-969 0
987 0
-981 0
-982 0
-983 0
-984 0
-985 0
-986 0
-988 0
-989 0
999 0
-991 0
-992 0
-993 0
-994 0
-995 0
-996 0
-997 0
-998 0
112 0
-111 0
-113 0
-114 0
-115 0
-116 0
-117 0
-118 0
-119 0
183 0
-181 0
-182 0
-184 0
-185 0
-186 0
-187 0
-188 0
-189 0
267 0
-261 0
-262 0
-263 0
-264 0
-265 0
-266 0
-268 0
-269 0
289 0
-281 0
-282 0
-283 0
-284 0
-285 0
-286 0
-287 0
-288 0
294 0
-291 0
-292 0
-293 0
-295 0
-296 0
-297 0
-298 0
-299 0
318 0
-311 0
-312 0
-313 0
-314 0
-315 0
-316 0
-317 0
-319 0
346 0
-341 0
-342 0
-343 0
-344 0
-345 0
-347 0
-348 0
-349 0
448 0
-441 0
-442 0
-443 0
-444 0
-445 0
-446 0
-447 0
-449 0
475 0
-471 0
-472 0
-473 0
-474 0
-476 0
-477 0
-478 0
-479 0
537 0
-531 0
-532 0
-533 0
-534 0
-535 0
-536 0
-538 0
-539 0
565 0
-561 0
-562 0
-563 0
-564 0
-566 0
-567 0
-568 0
-569 0
596 0
-591 0
-592 0
-593 0
-594 0
-595 0
-597 0
-598 0
-599 0
613 0
-611 0
-612 0
-614 0
-615 0
-616 0
-617 0
-618 0
-619 0
628 0
-621 0
-622 0
-623 0
-624 0
-625 0
-626 0
-627 0
-629 0
833 0
-831 0
-832 0
-834 0
-835 0
-836 0
-837 0
-838 0
-839 0
847 0
-841 0
-842 0
-843 0
-844 0
-845 0
-846 0
-848 0
-849 0
859 0
-851 0
-852 0
-853 0
-854 0
-855 0
-856 0
-857 0
-858 0
864 0
-861 0
-862 0
-863 0
-865 0
-866 0
-867 0
-868 0
-869 0
941 0
-942 0
-943 0
-944 0
-945 0
-946 0
-947 0
-948 0
-949 0
963 0
-961 0
-962 0
-964 0
-965 0
-966 0
-967 0
-968 0
-969 0
987 0
-981 0
-982 0
-983 0
-984 0
-985 0
-986 0
-988 0
-989 0
999 0
-991 0
-992 0
-993 0
-994 0
-995 0
-996 0
-997 0
-998 0
