144 0
-141 0
-142 0
-143 0
-145 0
-146 0
-147 0
-148 0
-149 0
235 0
-231 0
-232 0
-233 0
-234 0
-236 0
-237 0
-238 0
-239 0
256 0
-251 0
-252 0
-253 0
-254 0
-255 0
-257 0
-258 0
-259 0
293 0
-291 0
-292 0
-294 0
-295 0
-296 0
-297 0
-298 0
-299 0
311 0
-312 0
-313 0
-314 0
-315 0
-316 0
-317 0
-318 0
-319 0
322 0
-321 0
-323 0
-324 0
-325 0
-326 0
-327 0
-328 0
-329 0
377 0
-371 0
-372 0
-373 0
-374 0
-375 0
-376 0
-378 0
-379 0
467 0
-461 0
-462 0
-463 0
-464 0
-465 0
-466 0
-468 0
-469 0
514 0
-511 0
-512 0
-513 0
-515 0
-516 0
-517 0
-518 0
-519 0
585 0
-581 0
-582 0
-583 0
-584 0
-586 0
-587 0
-588 0
-589 0
619 0
-611 0
-612 0
-613 0
-614 0
-615 0
-616 0
-617 0
-618 0
658 0
-651 0
-652 0
-653 0
-654 0
-655 0
-656 0
-657 0
-659 0
691 0
-692 0
-693 0
-694 0
-695 0
-696 0
-697 0
-698 0
-699 0
745 0
-741 0
-742 0
-743 0
-744 0
-746 0
-747 0
-748 0
-749 0
786 0
-781 0
-782 0
-783 0
-784 0
-785 0
-787 0
-788 0
-789 0
833 0
-831 0
-832 0
-834 0
-835 0
-836 0
-837 0
-838 0
-839 0
862 0
-861 0
-863 0
-864 0
-865 0
-866 0
-867 0
-868 0
-869 0
937 0
-931 0
-932 0
-933 0
-934 0
-935 0
-936 0
-938 0
-939 0
971 0
-972 0
-973 0
-974 0
-975 0
-976 0
-977 0
-978 0
-979 0
989 0
-981 0
-982 0
-983 0
-984 0
-985 0
-986 0
-987 0
-988 0
