123 0
-121 0
-122 0
-124 0
-125 0
-126 0
-127 0
-128 0
-129 0
154 0
-151 0
-152 0
-153 0
-155 0
-156 0
-157 0
-158 0
-159 0
172 0
-171 0
-173 0
-174 0
-175 0
-176 0
-177 0
-178 0
-179 0
212 0
-211 0
-213 0
-214 0
-215 0
-216 0
-217 0
-218 0
-219 0
268 0
-261 0
-262 0
-263 0
-264 0
-265 0
-266 0
-267 0
-269 0
275 0
-271 0
-272 0
-273 0
-274 0
-276 0
-277 0
-278 0
-279 0
299 0
-291 0
-292 0
-293 0
-294 0
-295 0
-296 0
-297 0
-298 0
417 0
-411 0
-412 0
-413 0
-414 0
-415 0
-416 0
-418 0
-419 0
446 0
-441 0
-442 0
-443 0
-444 0
-445 0
-447 0
-448 0
-449 0
485 0
-481 0
-482 0
-483 0
-484 0
-486 0
-487 0
-488 0
-489 0
535 0
-531 0
-532 0
-533 0
-534 0
-536 0
-537 0
-538 0
-539 0
569 0
-561 0
-562 0
-563 0
-564 0
-565 0
-566 0
-567 0
-568 0
626 0
-621 0
-622 0
-623 0
-624 0
-625 0
-627 0
-628 0
-629 0
674 0
-671 0
-672 0
-673 0
-675 0
-676 0
-677 0
-678 0
-679 0
811 0
-812 0
-813 0
-814 0
-815 0
-816 0
-817 0
-818 0
-819 0
836 0
-831 0
-832 0
-833 0
-834 0
-835 0
-837 0
-838 0
-839 0
842 0
-841 0
-843 0
-844 0
-845 0
-846 0
-847 0
-848 0
-849 0
919 0
-911 0
-912 0
-913 0
-914 0
-915 0
-916 0
-917 0
-918 0
934 0
-931 0
-932 0
-933 0
-935 0
-936 0
-937 0
-938 0
-939 0
953 0
-951 0
-952 0
-954 0
-955 0
-956 0
-957 0
-958 0
-959 0
988 0
-981 0
-982 0
-983 0
-984 0
-985 0
-986 0
-987 0
-989 0
991 0
-992 0
-993 0
-994 0
-995 0
-996 0
-997 0
-998 0
-999 0
123 0
-121 0
-122 0
-124 0
-125 0
-126 0
-127 0
-128 0
-129 0
154 0
-151 0
-152 0
-153 0
-155 0
-156 0
-157 0
-158 0
-159 0
172 0
-171 0
-173 0
-174 0
-175 0
-176 0
-177 0
-178 0
-179 0
212 0
-211 0
-213 0
-214 0
-215 0
-216 0
-217 0
-218 0
-219 0
268 0
-261 0
-262 0
-263 0
-264 0
-265 0
-266 0
-267 0
-269 0
275 0
-271 0
-272 0
-273 0
-274 0
-276 0
-277 0
-278 0
-279 0
299 0
-291 0
-292 0
-293 0
-294 0
-295 0
-296 0
-297 0
-298 0
417 0
-411 0
-412 0
-413 0
-414 0
-415 0
-416 0
-418 0
-419 0
446 0
-441 0
-442 0
-443 0
-444 0
-445 0
-447 0
-448 0
-449 0
485 0
-481 0
-482 0
-483 0
-484 0
-486 0
-487 0
-488 0
-489 0
535 0
-531 0
-532 0
-533 0
-534 0
-536 0
-537 0
-538 0
-539 0
569 0
-561 0
-562 0
-563 0
-564 0
-565 0
-566 0
-567 0
-568 0
626 0
-621 0
-622 0
-623 0
-624 0
-625 0
-627 0
-628 0
-629 0
674 0
-671 0
-672 0
-673 0
-675 0
-676 0
-677 0
-678 0
-679 0
811 0
-812 0
-813 0
-814 0
-815 0
-816 0
-817 0
-818 0
-819 0
836 0
-831 0
-832 0
-833 0
-834 0
-835 0
-837 0
-838 0
-839 0
842 0
-841 0
-843 0
-844 0
-845 0
-846 0
-847 0
-848 0
-849 0
919 0
-911 0
-912 0
-913 0
-914 0
-915 0
-916 0
-917 0
-918 0
934 0
-931 0
-932 0
-933 0
-935 0
-936 0
-937 0
-938 0
-939 0
953 0
-951 0
-952 0
-954 0
-955 0
-956 0
-957 0
-958 0
-959 0
988 0
-981 0
-982 0
-983 0
-984 0
-985 0
-986 0
-987 0
-989 0
991 0
-992 0
-993 0
-994 0
-995 0
-996 0
-997 0
-998 0
-999 0
