112 0
-111 0
-113 0
-114 0
-115 0
-116 0
-117 0
-118 0
-119 0
126 0
-121 0
-122 0
-123 0
-124 0
-125 0
-127 0
-128 0
-129 0
179 0
-171 0
-172 0
-173 0
-174 0
-175 0
-176 0
-177 0
-178 0
223 0
-221 0
-222 0
-224 0
-225 0
-226 0
-227 0
-228 0
-229 0
241 0
-242 0
-243 0
-244 0
-245 0
-246 0
-247 0
-248 0
-249 0
285 0
-281 0
-282 0
-283 0
-284 0
-286 0
-287 0
-288 0
-289 0
317 0
-311 0
-312 0
-313 0
-314 0
-315 0
-316 0
-318 0
-319 0
324 0
-321 0
-322 0
-323 0
-325 0
-326 0
-327 0
-328 0
-329 0
432 0
-431 0
-433 0
-434 0
-435 0
-436 0
-437 0
-438 0
-439 0
445 0
-441 0
-442 0
-443 0
-444 0
-446 0
-447 0
-448 0
-449 0
558 0
-551 0
-552 0
-553 0
-554 0
-555 0
-556 0
-557 0
-559 0
629 0
-621 0
-622 0
-623 0
-624 0
-625 0
-626 0
-627 0
-628 0
667 0
-661 0
-662 0
-663 0
-664 0
-665 0
-666 0
-668 0
-669 0
696 0
-691 0
-692 0
-693 0
-694 0
-695 0
-697 0
-698 0
-699 0
794 0
-791 0
-792 0
-793 0
-795 0
-796 0
-797 0
-798 0
-799 0
825 0
-821 0
-822 0
-823 0
-824 0
-826 0
-827 0
-828 0
-829 0
866 0
-861 0
-862 0
-863 0
-864 0
-865 0
-867 0
-868 0
-869 0
877 0
-871 0
-872 0
-873 0
-874 0
-875 0
-876 0
-878 0
-879 0
881 0
-882 0
-883 0
-884 0
-885 0
-886 0
-887 0
-888 0
-889 0
933 0
-931 0
-932 0
-934 0
-935 0
-936 0
-937 0
-938 0
-939 0
988 0
-981 0
-982 0
-983 0
-984 0
-985 0
-986 0
-987 0
-989 0
995 0
-991 0
-992 0
-993 0
-994 0
-996 0
-997 0
-998 0
-999 0
