169 0
-161 0
-162 0
-163 0
-164 0
-165 0
-166 0
-167 0
-168 0
192 0
-191 0
-193 0
-194 0
-195 0
-196 0
-197 0
-198 0
-199 0
274 0
-271 0
-272 0
-273 0
-275 0
-276 0
-277 0
-278 0
-279 0
287 0
-281 0
-282 0
-283 0
-284 0
-285 0
-286 0
-288 0
-289 0
317 0
-311 0
-312 0
-313 0
-314 0
-315 0
-316 0
-318 0
-319 0
331 0
-332 0
-333 0
-334 0
-335 0
-336 0
-337 0
-338 0
-339 0
373 0
-371 0
-372 0
-374 0
-375 0
-376 0
-377 0
-378 0
-379 0
447 0
-441 0
-442 0
-443 0
-444 0
-445 0
-446 0
-448 0
-449 0
454 0
-451 0
-452 0
-453 0
-455 0
-456 0
-457 0
-458 0
-459 0
498 0
-491 0
-492 0
-493 0
-494 0
-495 0
-496 0
-497 0
-499 0
524 0
-521 0
-522 0
-523 0
-525 0
-526 0
-527 0
-528 0
-529 0
532 0
-531 0
-533 0
-534 0
-535 0
-536 0
-537 0
-538 0
-539 0
558 0
-551 0
-552 0
-553 0
-554 0
-555 0
-556 0
-557 0
-559 0
583 0
-581 0
-582 0
-584 0
-585 0
-586 0
-587 0
-588 0
-589 0
611 0
-612 0
-613 0
-614 0
-615 0
-616 0
-617 0
-618 0
-619 0
637 0
-631 0
-632 0
-633 0
-634 0
-635 0
-636 0
-638 0
-639 0
666 0
-661 0
-662 0
-663 0
-664 0
-665 0
-667 0
-668 0
-669 0
715 0
-711 0
-712 0
-713 0
-714 0
-716 0
-717 0
-718 0
-719 0
821 0
-822 0
-823 0
-824 0
-825 0
-826 0
-827 0
-828 0
-829 0
836 0
-831 0
-832 0
-833 0
-834 0
-835 0
-837 0
-838 0
-839 0
882 0
-881 0
-883 0
-884 0
-885 0
-886 0
-887 0
-888 0
-889 0
944 0
-941 0
-942 0
-943 0
-945 0
-946 0
-947 0
-948 0
-949 0
971 0
-972 0
-973 0
-974 0
-975 0
-976 0
-977 0
-978 0
-979 0
986 0
-981 0
-982 0
-983 0
-984 0
-985 0
-987 0
-988 0
-989 0
169 0
-161 0
-162 0
-163 0
-164 0
-165 0
-166 0
-167 0
-168 0
192 0
-191 0
-193 0
-194 0
-195 0
-196 0
-197 0
-198 0
-199 0
274 0
-271 0
-272 0
-273 0
-275 0
-276 0
-277 0
-278 0
-279 0
287 0
-281 0
-282 0
-283 0
-284 0
-285 0
-286 0
-288 0
-289 0
317 0
-311 0
-312 0
-313 0
-314 0
-315 0
-316 0
-318 0
-319 0
331 0
-332 0
-333 0
-334 0
-335 0
-336 0
-337 0
-338 0
-339 0
373 0
-371 0
-372 0
-374 0
-375 0
-376 0
-377 0
-378 0
-379 0
447 0
-441 0
-442 0
-443 0
-444 0
-445 0
-446 0
-448 0
-449 0
454 0
-451 0
-452 0
-453 0
-455 0
-456 0
-457 0
-458 0
-459 0
498 0
-491 0
-492 0
-493 0
-494 0
-495 0
-496 0
-497 0
-499 0
524 0
-521 0
-522 0
-523 0
-525 0
-526 0
-527 0
-528 0
-529 0
532 0
-531 0
-533 0
-534 0
-535 0
-536 0
-537 0
-538 0
-539 0
558 0
-551 0
-552 0
-553 0
-554 0
-555 0
-556 0
-557 0
-559 0
583 0
-581 0
-582 0
-584 0
-585 0
-586 0
-587 0
-588 0
-589 0
611 0
-612 0
-613 0
-614 0
-615 0
-616 0
-617 0
-618 0
-619 0
637 0
-631 0
-632 0
-633 0
-634 0
-635 0
-636 0
-638 0
-639 0
666 0
-661 0
-662 0
-663 0
-664 0
-665 0
-667 0
-668 0
-669 0
715 0
-711 0
-712 0
-713 0
-714 0
-716 0
-717 0
-718 0
-719 0
821 0
-822 0
-823 0
-824 0
-825 0
-826 0
-827 0
-828 0
-829 0
836 0
-831 0
-832 0
-833 0
-834 0
-835 0
-837 0
-838 0
-839 0
882 0
-881 0
-883 0
-884 0
-885 0
-886 0
-887 0
-888 0
-889 0
944 0
-941 0
-942 0
-943 0
-945 0
-946 0
-947 0
-948 0
-949 0
971 0
-972 0
-973 0
-974 0
-975 0
-976 0
-977 0
-978 0
-979 0
986 0
-981 0
-982 0
-983 0
-984 0
-985 0
-987 0
-988 0
-989 0
