135 0
-131 0
-132 0
-133 0
-134 0
-136 0
-137 0
-138 0
-139 0
161 0
-162 0
-163 0
-164 0
-165 0
-166 0
-167 0
-168 0
-169 0
192 0
-191 0
-193 0
-194 0
-195 0
-196 0
-197 0
-198 0
-199 0
228 0
-221 0
-222 0
-223 0
-224 0
-225 0
-226 0
-227 0
-229 0
287 0
-281 0
-282 0
-283 0
-284 0
-285 0
-286 0
-288 0
-289 0
296 0
-291 0
-292 0
-293 0
-294 0
-295 0
-297 0
-298 0
-299 0
332 0
-331 0
-333 0
-334 0
-335 0
-336 0
-337 0
-338 0
-339 0
388 0
-381 0
-382 0
-383 0
-384 0
-385 0
-386 0
-387 0
-389 0
411 0
-412 0
-413 0
-414 0
-415 0
-416 0
-417 0
-418 0
-419 0
447 0
-441 0
-442 0
-443 0
-444 0
-445 0
-446 0
-448 0
-449 0
483 0
-481 0
-482 0
-484 0
-485 0
-486 0
-487 0
-488 0
-489 0
542 0
-541 0
-543 0
-544 0
-545 0
-546 0
-547 0
-548 0
-549 0
568 0
-561 0
-562 0
-563 0
-564 0
-565 0
-566 0
-567 0
-569 0
625 0
-621 0
-622 0
-623 0
-624 0
-626 0
-627 0
-628 0
-629 0
664 0
-661 0
-662 0
-663 0
-665 0
-666 0
-667 0
-668 0
-669 0
774 0
-771 0
-772 0
-773 0
-775 0
-776 0
-777 0
-778 0
-779 0
813 0
-811 0
-812 0
-814 0
-815 0
-816 0
-817 0
-818 0
-819 0
821 0
-822 0
-823 0
-824 0
-825 0
-826 0
-827 0
-828 0
-829 0
848 0
-841 0
-842 0
-843 0
-844 0
-845 0
-846 0
-847 0
-849 0
937 0
-931 0
-932 0
-933 0
-934 0
-935 0
-936 0
-938 0
-939 0
944 0
-941 0
-942 0
-943 0
-945 0
-946 0
-947 0
-948 0
-949 0
995 0
-991 0
-992 0
-993 0
-994 0
-996 0
-997 0
-998 0
-999 0
135 0
-131 0
-132 0
-133 0
-134 0
-136 0
-137 0
-138 0
-139 0
161 0
-162 0
-163 0
-164 0
-165 0
-166 0
-167 0
-168 0
-169 0
192 0
-191 0
-193 0
-194 0
-195 0
-196 0
-197 0
-198 0
-199 0
228 0
-221 0
-222 0
-223 0
-224 0
-225 0
-226 0
-227 0
-229 0
287 0
-281 0
-282 0
-283 0
-284 0
-285 0
-286 0
-288 0
-289 0
296 0
-291 0
-292 0
-293 0
-294 0
-295 0
-297 0
-298 0
-299 0
332 0
-331 0
-333 0
-334 0
-335 0
-336 0
-337 0
-338 0
-339 0
388 0
-381 0
-382 0
-383 0
-384 0
-385 0
-386 0
-387 0
-389 0
411 0
-412 0
-413 0
-414 0
-415 0
-416 0
-417 0
-418 0
-419 0
447 0
-441 0
-442 0
-443 0
-444 0
-445 0
-446 0
-448 0
-449 0
483 0
-481 0
-482 0
-484 0
-485 0
-486 0
-487 0
-488 0
-489 0
542 0
-541 0
-543 0
-544 0
-545 0
-546 0
-547 0
-548 0
-549 0
568 0
-561 0
-562 0
-563 0
-564 0
-565 0
-566 0
-567 0
-569 0
625 0
-621 0
-622 0
-623 0
-624 0
-626 0
-627 0
-628 0
-629 0
664 0
-661 0
-662 0
-663 0
-665 0
-666 0
-667 0
-668 0
-669 0
774 0
-771 0
-772 0
-773 0
-775 0
-776 0
-777 0
-778 0
-779 0
813 0
-811 0
-812 0
-814 0
-815 0
-816 0
-817 0
-818 0
-819 0
821 0
-822 0
-823 0
-824 0
-825 0
-826 0
-827 0
-828 0
-829 0
848 0
-841 0
-842 0
-843 0
-844 0
-845 0
-846 0
-847 0
-849 0
937 0
-931 0
-932 0
-933 0
-934 0
-935 0
-936 0
-938 0
-939 0
944 0
-941 0
-942 0
-943 0
-945 0
-946 0
-947 0
-948 0
-949 0
995 0
-991 0
-992 0
-993 0
-994 0
-996 0
-997 0
-998 0
-999 0
