114 0
-111 0
-112 0
-113 0
-115 0
-116 0
-117 0
-118 0
-119 0
175 0
-171 0
-172 0
-173 0
-174 0
-176 0
-177 0
-178 0
-179 0
255 0
-251 0
-252 0
-253 0
-254 0
-256 0
-257 0
-258 0
-259 0
268 0
-261 0
-262 0
-263 0
-264 0
-265 0
-266 0
-267 0
-269 0
289 0
-281 0
-282 0
-283 0
-284 0
-285 0
-286 0
-287 0
-288 0
322 0
-321 0
-323 0
-324 0
-325 0
-326 0
-327 0
-328 0
-329 0
351 0
-352 0
-353 0
-354 0
-355 0
-356 0
-357 0
-358 0
-359 0
429 0
-421 0
-422 0
-423 0
-424 0
-425 0
-426 0
-427 0
-428 0
462 0
-461 0
-463 0
-464 0
-465 0
-466 0
-467 0
-468 0
-469 0
581 0
-582 0
-583 0
-584 0
-585 0
-586 0
-587 0
-588 0
-589 0
593 0
-591 0
-592 0
-594 0
-595 0
-596 0
-597 0
-598 0
-599 0
637 0
-631 0
-632 0
-633 0
-634 0
-635 0
-636 0
-638 0
-639 0
643 0
-641 0
-642 0
-644 0
-645 0
-646 0
-647 0
-648 0
-649 0
686 0
-681 0
-682 0
-683 0
-684 0
-685 0
-687 0
-688 0
-689 0
738 0
-731 0
-732 0
-733 0
-734 0
-735 0
-736 0
-737 0
-739 0
753 0
-751 0
-752 0
-754 0
-755 0
-756 0
-757 0
-758 0
-759 0
767 0
-761 0
-762 0
-763 0
-764 0
-765 0
-766 0
-768 0
-769 0
785 0
-781 0
-782 0
-783 0
-784 0
-786 0
-787 0
-788 0
-789 0
817 0
-811 0
-812 0
-813 0
-814 0
-815 0
-816 0
-818 0
-819 0
848 0
-841 0
-842 0
-843 0
-844 0
-845 0
-846 0
-847 0
-849 0
856 0
-851 0
-852 0
-853 0
-854 0
-855 0
-857 0
-858 0
-859 0
999 0
-991 0
-992 0
-993 0
-994 0
-995 0
-996 0
-997 0
-998 0
