138 0
-131 0
-132 0
-133 0
-134 0
-135 0
-136 0
-137 0
-139 0
147 0
-141 0
-142 0
-143 0
-144 0
-145 0
-146 0
-148 0
-149 0
173 0
-171 0
-172 0
-174 0
-175 0
-176 0
-177 0
-178 0
-179 0
223 0
-221 0
-222 0
-224 0
-225 0
-226 0
-227 0
-228 0
-229 0
281 0
-282 0
-283 0
-284 0
-285 0
-286 0
-287 0
-288 0
-289 0
335 0
-331 0
-332 0
-333 0
-334 0
-336 0
-337 0
-338 0
-339 0
364 0
-361 0
-362 0
-363 0
-365 0
-366 0
-367 0
-368 0
-369 0
396 0
-391 0
-392 0
-393 0
-394 0
-395 0
-397 0
-398 0
-399 0
434 0
-431 0
-432 0
-433 0
-435 0
-436 0
-437 0
-438 0
-439 0
448 0
-441 0
-442 0
-443 0
-444 0
-445 0
-446 0
-447 0
-449 0
462 0
-461 0
-463 0
-464 0
-465 0
-466 0
-467 0
-468 0
-469 0
517 0
-511 0
-512 0
-513 0
-514 0
-515 0
-516 0
-518 0
-519 0
546 0
-541 0
-542 0
-543 0
-544 0
-545 0
-547 0
-548 0
-549 0
679 0
-671 0
-672 0
-673 0
-674 0
-675 0
-676 0
-677 0
-678 0
713 0
-711 0
-712 0
-714 0
-715 0
-716 0
-717 0
-718 0
-719 0
741 0
-742 0
-743 0
-744 0
-745 0
-746 0
-747 0
-748 0
-749 0
777 0
-771 0
-772 0
-773 0
-774 0
-775 0
-776 0
-778 0
-779 0
815 0
-811 0
-812 0
-813 0
-814 0
-816 0
-817 0
-818 0
-819 0
893 0
-891 0
-892 0
-894 0
-895 0
-896 0
-897 0
-898 0
-899 0
926 0
-921 0
-922 0
-923 0
-924 0
-925 0
-927 0
-928 0
-929 0
965 0
-961 0
-962 0
-963 0
-964 0
-966 0
-967 0
-968 0
-969 0
974 0
-971 0
-972 0
-973 0
-975 0
-976 0
-977 0
-978 0
-979 0
