127 0
-121 0
-122 0
-123 0
-124 0
-125 0
-126 0
-128 0
-129 0
198 0
-191 0
-192 0
-193 0
-194 0
-195 0
-196 0
-197 0
-199 0
228 0
-221 0
-222 0
-223 0
-224 0
-225 0
-226 0
-227 0
-229 0
256 0
-251 0
-252 0
-253 0
-254 0
-255 0
-257 0
-258 0
-259 0
289 0
-281 0
-282 0
-283 0
-284 0
-285 0
-286 0
-287 0
-288 0
349 0
-341 0
-342 0
-343 0
-344 0
-345 0
-346 0
-347 0
-348 0
364 0
-361 0
-362 0
-363 0
-365 0
-366 0
-367 0
-368 0
-369 0
375 0
-371 0
-372 0
-373 0
-374 0
-376 0
-377 0
-378 0
-379 0
433 0
-431 0
-432 0
-434 0
-435 0
-436 0
-437 0
-438 0
-439 0
474 0
-471 0
-472 0
-473 0
-475 0
-476 0
-477 0
-478 0
-479 0
495 0
-491 0
-492 0
-493 0
-494 0
-496 0
-497 0
-498 0
-499 0
514 0
-511 0
-512 0
-513 0
-515 0
-516 0
-517 0
-518 0
-519 0
542 0
-541 0
-543 0
-544 0
-545 0
-546 0
-547 0
-548 0
-549 0
593 0
-591 0
-592 0
-594 0
-595 0
-596 0
-597 0
-598 0
-599 0
618 0
-611 0
-612 0
-613 0
-614 0
-615 0
-616 0
-617 0
-619 0
679 0
-671 0
-672 0
-673 0
-674 0
-675 0
-676 0
-677 0
-678 0
739 0
-731 0
-732 0
-733 0
-734 0
-735 0
-736 0
-737 0
-738 0
766 0
-761 0
-762 0
-763 0
-764 0
-765 0
-767 0
-768 0
-769 0
826 0
-821 0
-822 0
-823 0
-824 0
-825 0
-827 0
-828 0
-829 0
855 0
-851 0
-852 0
-853 0
-854 0
-856 0
-857 0
-858 0
-859 0
881 0
-882 0
-883 0
-884 0
-885 0
-886 0
-887 0
-888 0
-889 0
917 0
-911 0
-912 0
-913 0
-914 0
-915 0
-916 0
-918 0
-919 0
961 0
-962 0
-963 0
-964 0
-965 0
-966 0
-967 0
-968 0
-969 0
127 0
-121 0
-122 0
-123 0
-124 0
-125 0
-126 0
-128 0
-129 0
198 0
-191 0
-192 0
-193 0
-194 0
-195 0
-196 0
-197 0
-199 0
228 0
-221 0
-222 0
-223 0
-224 0
-225 0
-226 0
-227 0
-229 0
256 0
-251 0
-252 0
-253 0
-254 0
-255 0
-257 0
-258 0
-259 0
289 0
-281 0
-282 0
-283 0
-284 0
-285 0
-286 0
-287 0
-288 0
349 0
-341 0
-342 0
-343 0
-344 0
-345 0
-346 0
-347 0
-348 0
364 0
-361 0
-362 0
-363 0
-365 0
-366 0
-367 0
-368 0
-369 0
375 0
-371 0
-372 0
-373 0
-374 0
-376 0
-377 0
-378 0
-379 0
433 0
-431 0
-432 0
-434 0
-435 0
-436 0
-437 0
-438 0
-439 0
474 0
-471 0
-472 0
-473 0
-475 0
-476 0
-477 0
-478 0
-479 0
495 0
-491 0
-492 0
-493 0
-494 0
-496 0
-497 0
-498 0
-499 0
514 0
-511 0
-512 0
-513 0
-515 0
-516 0
-517 0
-518 0
-519 0
542 0
-541 0
-543 0
-544 0
-545 0
-546 0
-547 0
-548 0
-549 0
593 0
-591 0
-592 0
-594 0
-595 0
-596 0
-597 0
-598 0
-599 0
618 0
-611 0
-612 0
-613 0
-614 0
-615 0
-616 0
-617 0
-619 0
679 0
-671 0
-672 0
-673 0
-674 0
-675 0
-676 0
-677 0
-678 0
739 0
-731 0
-732 0
-733 0
-734 0
-735 0
-736 0
-737 0
-738 0
766 0
-761 0
-762 0
-763 0
-764 0
-765 0
-767 0
-768 0
-769 0
826 0
-821 0
-822 0
-823 0
-824 0
-825 0
-827 0
-828 0
-829 0
855 0
-851 0
-852 0
-853 0
-854 0
-856 0
-857 0
-858 0
-859 0
881 0
-882 0
-883 0
-884 0
-885 0
-886 0
-887 0
-888 0
-889 0
917 0
-911 0
-912 0
-913 0
-914 0
-915 0
-916 0
-918 0
-919 0
961 0
-962 0
-963 0
-964 0
-965 0
-966 0
-967 0
-968 0
-969 0
