121 0
-122 0
-123 0
-124 0
-125 0
-126 0
-127 0
-128 0
-129 0
132 0
-131 0
-133 0
-134 0
-135 0
-136 0
-137 0
-138 0
-139 0
198 0
-191 0
-192 0
-193 0
-194 0
-195 0
-196 0
-197 0
-199 0
213 0
-211 0
-212 0
-214 0
-215 0
-216 0
-217 0
-218 0
-219 0
254 0
-251 0
-252 0
-253 0
-255 0
-256 0
-257 0
-258 0
-259 0
266 0
-261 0
-262 0
-263 0
-264 0
-265 0
-267 0
-268 0
-269 0
385 0
-381 0
-382 0
-383 0
-384 0
-386 0
-387 0
-388 0
-389 0
433 0
-431 0
-432 0
-434 0
-435 0
-436 0
-437 0
-438 0
-439 0
516 0
-511 0
-512 0
-513 0
-514 0
-515 0
-517 0
-518 0
-519 0
551 0
-552 0
-553 0
-554 0
-555 0
-556 0
-557 0
-558 0
-559 0
594 0
-591 0
-592 0
-593 0
-595 0
-596 0
-597 0
-598 0
-599 0
637 0
-631 0
-632 0
-633 0
-634 0
-635 0
-636 0
-638 0
-639 0
642 0
-641 0
-643 0
-644 0
-645 0
-646 0
-647 0
-648 0
-649 0
679 0
-671 0
-672 0
-673 0
-674 0
-675 0
-676 0
-677 0
-678 0
746 0
-741 0
-742 0
-743 0
-744 0
-745 0
-747 0
-748 0
-749 0
753 0
-751 0
-752 0
-754 0
-755 0
-756 0
-757 0
-758 0
-759 0
777 0
-771 0
-772 0
-773 0
-774 0
-775 0
-776 0
-778 0
-779 0
844 0
-841 0
-842 0
-843 0
-845 0
-846 0
-847 0
-848 0
-849 0
852 0
-851 0
-853 0
-854 0
-855 0
-856 0
-857 0
-858 0
-859 0
967 0
-961 0
-962 0
-963 0
-964 0
-965 0
-966 0
-968 0
-969 0
975 0
-971 0
-972 0
-973 0
-974 0
-976 0
-977 0
-978 0
-979 0
983 0
-981 0
-982 0
-984 0
-985 0
-986 0
-987 0
-988 0
-989 0
121 0
-122 0
-123 0
-124 0
-125 0
-126 0
-127 0
-128 0
-129 0
132 0
-131 0
-133 0
-134 0
-135 0
-136 0
-137 0
-138 0
-139 0
198 0
-191 0
-192 0
-193 0
-194 0
-195 0
-196 0
-197 0
-199 0
213 0
-211 0
-212 0
-214 0
-215 0
-216 0
-217 0
-218 0
-219 0
254 0
-251 0
-252 0
-253 0
-255 0
-256 0
-257 0
-258 0
-259 0
266 0
-261 0
-262 0
-263 0
-264 0
-265 0
-267 0
-268 0
-269 0
385 0
-381 0
-382 0
-383 0
-384 0
-386 0
-387 0
-388 0
-389 0
433 0
-431 0
-432 0
-434 0
-435 0
-436 0
-437 0
-438 0
-439 0
516 0
-511 0
-512 0
-513 0
-514 0
-515 0
-517 0
-518 0
-519 0
551 0
-552 0
-553 0
-554 0
-555 0
-556 0
-557 0
-558 0
-559 0
594 0
-591 0
-592 0
-593 0
-595 0
-596 0
-597 0
-598 0
-599 0
637 0
-631 0
-632 0
-633 0
-634 0
-635 0
-636 0
-638 0
-639 0
642 0
-641 0
-643 0
-644 0
-645 0
-646 0
-647 0
-648 0
-649 0
679 0
-671 0
-672 0
-673 0
-674 0
-675 0
-676 0
-677 0
-678 0
746 0
-741 0
-742 0
-743 0
-744 0
-745 0
-747 0
-748 0
-749 0
753 0
-751 0
-752 0
-754 0
-755 0
-756 0
-757 0
-758 0
-759 0
777 0
-771 0
-772 0
-773 0
-774 0
-775 0
-776 0
-778 0
-779 0
844 0
-841 0
-842 0
-843 0
-845 0
-846 0
-847 0
-848 0
-849 0
852 0
-851 0
-853 0
-854 0
-855 0
-856 0
-857 0
-858 0
-859 0
967 0
-961 0
-962 0
-963 0
-964 0
-965 0
-966 0
-968 0
-969 0
975 0
-971 0
-972 0
-973 0
-974 0
-976 0
-977 0
-978 0
-979 0
983 0
-981 0
-982 0
-984 0
-985 0
-986 0
-987 0
-988 0
-989 0
