121 0
-122 0
-123 0
-124 0
-125 0
-126 0
-127 0
-128 0
-129 0
139 0
-131 0
-132 0
-133 0
-134 0
-135 0
-136 0
-137 0
-138 0
144 0
-141 0
-142 0
-143 0
-145 0
-146 0
-147 0
-148 0
-149 0
162 0
-161 0
-163 0
-164 0
-165 0
-166 0
-167 0
-168 0
-169 0
197 0
-191 0
-192 0
-193 0
-194 0
-195 0
-196 0
-198 0
-199 0
216 0
-211 0
-212 0
-213 0
-214 0
-215 0
-217 0
-218 0
-219 0
232 0
-231 0
-233 0
-234 0
-235 0
-236 0
-237 0
-238 0
-239 0
243 0
-241 0
-242 0
-244 0
-245 0
-246 0
-247 0
-248 0
-249 0
351 0
-352 0
-353 0
-354 0
-355 0
-356 0
-357 0
-358 0
-359 0
372 0
-371 0
-373 0
-374 0
-375 0
-376 0
-377 0
-378 0
-379 0
442 0
-441 0
-443 0
-444 0
-445 0
-446 0
-447 0
-448 0
-449 0
494 0
-491 0
-492 0
-493 0
-495 0
-496 0
-497 0
-498 0
-499 0
525 0
-521 0
-522 0
-523 0
-524 0
-526 0
-527 0
-528 0
-529 0
533 0
-531 0
-532 0
-534 0
-535 0
-536 0
-537 0
-538 0
-539 0
582 0
-581 0
-583 0
-584 0
-585 0
-586 0
-587 0
-588 0
-589 0
665 0
-661 0
-662 0
-663 0
-664 0
-666 0
-667 0
-668 0
-669 0
678 0
-671 0
-672 0
-673 0
-674 0
-675 0
-676 0
-677 0
-679 0
738 0
-731 0
-732 0
-733 0
-734 0
-735 0
-736 0
-737 0
-739 0
759 0
-751 0
-752 0
-753 0
-754 0
-755 0
-756 0
-757 0
-758 0
793 0
-791 0
-792 0
-794 0
-795 0
-796 0
-797 0
-798 0
-799 0
861 0
-862 0
-863 0
-864 0
-865 0
-866 0
-867 0
-868 0
-869 0
877 0
-871 0
-872 0
-873 0
-874 0
-875 0
-876 0
-878 0
-879 0
917 0
-911 0
-912 0
-913 0
-914 0
-915 0
-916 0
-918 0
-919 0
945 0
-941 0
-942 0
-943 0
-944 0
-946 0
-947 0
-948 0
-949 0
986 0
-981 0
-982 0
-983 0
-984 0
-985 0
-987 0
-988 0
-989 0
