111 0
-112 0
-113 0
-114 0
-115 0
-116 0
-117 0
-118 0
-119 0
146 0
-141 0
-142 0
-143 0
-144 0
-145 0
-147 0
-148 0
-149 0
167 0
-161 0
-162 0
-163 0
-164 0
-165 0
-166 0
-168 0
-169 0
172 0
-171 0
-173 0
-174 0
-175 0
-176 0
-177 0
-178 0
-179 0
336 0
-331 0
-332 0
-333 0
-334 0
-335 0
-337 0
-338 0
-339 0
345 0
-341 0
-342 0
-343 0
-344 0
-346 0
-347 0
-348 0
-349 0
384 0
-381 0
-382 0
-383 0
-385 0
-386 0
-387 0
-388 0
-389 0
426 0
-421 0
-422 0
-423 0
-424 0
-425 0
-427 0
-428 0
-429 0
458 0
-451 0
-452 0
-453 0
-454 0
-455 0
-456 0
-457 0
-459 0
491 0
-492 0
-493 0
-494 0
-495 0
-496 0
-497 0
-498 0
-499 0
533 0
-531 0
-532 0
-534 0
-535 0
-536 0
-537 0
-538 0
-539 0
619 0
-611 0
-612 0
-613 0
-614 0
-615 0
-616 0
-617 0
-618 0
624 0
-621 0
-622 0
-623 0
-625 0
-626 0
-627 0
-628 0
-629 0
642 0
-641 0
-643 0
-644 0
-645 0
-646 0
-647 0
-648 0
-649 0
683 0
-681 0
-682 0
-684 0
-685 0
-686 0
-687 0
-688 0
-689 0
729 0
-721 0
-722 0
-723 0
-724 0
-725 0
-726 0
-727 0
-728 0
762 0
-761 0
-763 0
-764 0
-765 0
-766 0
-767 0
-768 0
-769 0
775 0
-771 0
-772 0
-773 0
-774 0
-776 0
-777 0
-778 0
-779 0
815 0
-811 0
-812 0
-813 0
-814 0
-816 0
-817 0
-818 0
-819 0
931 0
-932 0
-933 0
-934 0
-935 0
-936 0
-937 0
-938 0
-939 0
943 0
-941 0
-942 0
-944 0
-945 0
-946 0
-947 0
-948 0
-949 0
965 0
-961 0
-962 0
-963 0
-964 0
-966 0
-967 0
-968 0
-969 0
997 0
-991 0
-992 0
-993 0
-994 0
-995 0
-996 0
-998 0
-999 0
