124 0
-121 0
-122 0
-123 0
-125 0
-126 0
-127 0
-128 0
-129 0
137 0
-131 0
-132 0
-133 0
-134 0
-135 0
-136 0
-138 0
-139 0
158 0
-151 0
-152 0
-153 0
-154 0
-155 0
-156 0
-157 0
-159 0
165 0
-161 0
-162 0
-163 0
-164 0
-166 0
-167 0
-168 0
-169 0
218 0
-211 0
-212 0
-213 0
-214 0
-215 0
-216 0
-217 0
-219 0
283 0
-281 0
-282 0
-284 0
-285 0
-286 0
-287 0
-288 0
-289 0
339 0
-331 0
-332 0
-333 0
-334 0
-335 0
-336 0
-337 0
-338 0
377 0
-371 0
-372 0
-373 0
-374 0
-375 0
-376 0
-378 0
-379 0
385 0
-381 0
-382 0
-383 0
-384 0
-386 0
-387 0
-388 0
-389 0
444 0
-441 0
-442 0
-443 0
-445 0
-446 0
-447 0
-448 0
-449 0
481 0
-482 0
-483 0
-484 0
-485 0
-486 0
-487 0
-488 0
-489 0
516 0
-511 0
-512 0
-513 0
-514 0
-515 0
-517 0
-518 0
-519 0
538 0
-531 0
-532 0
-533 0
-534 0
-535 0
-536 0
-537 0
-539 0
574 0
-571 0
-572 0
-573 0
-575 0
-576 0
-577 0
-578 0
-579 0
592 0
-591 0
-593 0
-594 0
-595 0
-596 0
-597 0
-598 0
-599 0
614 0
-611 0
-612 0
-613 0
-615 0
-616 0
-617 0
-618 0
-619 0
662 0
-661 0
-663 0
-664 0
-665 0
-666 0
-667 0
-668 0
-669 0
728 0
-721 0
-722 0
-723 0
-724 0
-725 0
-726 0
-727 0
-729 0
732 0
-731 0
-733 0
-734 0
-735 0
-736 0
-737 0
-738 0
-739 0
779 0
-771 0
-772 0
-773 0
-774 0
-775 0
-776 0
-777 0
-778 0
857 0
-851 0
-852 0
-853 0
-854 0
-855 0
-856 0
-858 0
-859 0
869 0
-861 0
-862 0
-863 0
-864 0
-865 0
-866 0
-867 0
-868 0
946 0
-941 0
-942 0
-943 0
-944 0
-945 0
-947 0
-948 0
-949 0
973 0
-971 0
-972 0
-974 0
-975 0
-976 0
-977 0
-978 0
-979 0
