117 0
-111 0
-112 0
-113 0
-114 0
-115 0
-116 0
-118 0
-119 0
141 0
-142 0
-143 0
-144 0
-145 0
-146 0
-147 0
-148 0
-149 0
174 0
-171 0
-172 0
-173 0
-175 0
-176 0
-177 0
-178 0
-179 0
182 0
-181 0
-183 0
-184 0
-185 0
-186 0
-187 0
-188 0
-189 0
231 0
-232 0
-233 0
-234 0
-235 0
-236 0
-237 0
-238 0
-239 0
262 0
-261 0
-263 0
-264 0
-265 0
-266 0
-267 0
-268 0
-269 0
339 0
-331 0
-332 0
-333 0
-334 0
-335 0
-336 0
-337 0
-338 0
348 0
-341 0
-342 0
-343 0
-344 0
-345 0
-346 0
-347 0
-349 0
427 0
-421 0
-422 0
-423 0
-424 0
-425 0
-426 0
-428 0
-429 0
442 0
-441 0
-443 0
-444 0
-445 0
-446 0
-447 0
-448 0
-449 0
488 0
-481 0
-482 0
-483 0
-484 0
-485 0
-486 0
-487 0
-489 0
536 0
-531 0
-532 0
-533 0
-534 0
-535 0
-537 0
-538 0
-539 0
555 0
-551 0
-552 0
-553 0
-554 0
-556 0
-557 0
-558 0
-559 0
573 0
-571 0
-572 0
-574 0
-575 0
-576 0
-577 0
-578 0
-579 0
623 0
-621 0
-622 0
-624 0
-625 0
-626 0
-627 0
-628 0
-629 0
664 0
-661 0
-662 0
-663 0
-665 0
-666 0
-667 0
-668 0
-669 0
685 0
-681 0
-682 0
-683 0
-684 0
-686 0
-687 0
-688 0
-689 0
718 0
-711 0
-712 0
-713 0
-714 0
-715 0
-716 0
-717 0
-719 0
845 0
-841 0
-842 0
-843 0
-844 0
-846 0
-847 0
-848 0
-849 0
897 0
-891 0
-892 0
-893 0
-894 0
-895 0
-896 0
-898 0
-899 0
937 0
-931 0
-932 0
-933 0
-934 0
-935 0
-936 0
-938 0
-939 0
971 0
-972 0
-973 0
-974 0
-975 0
-976 0
-977 0
-978 0
-979 0
993 0
-991 0
-992 0
-994 0
-995 0
-996 0
-997 0
-998 0
-999 0
117 0
-111 0
-112 0
-113 0
-114 0
-115 0
-116 0
-118 0
-119 0
141 0
-142 0
-143 0
-144 0
-145 0
-146 0
-147 0
-148 0
-149 0
174 0
-171 0
-172 0
-173 0
-175 0
-176 0
-177 0
-178 0
-179 0
182 0
-181 0
-183 0
-184 0
-185 0
-186 0
-187 0
-188 0
-189 0
231 0
-232 0
-233 0
-234 0
-235 0
-236 0
-237 0
-238 0
-239 0
262 0
-261 0
-263 0
-264 0
-265 0
-266 0
-267 0
-268 0
-269 0
339 0
-331 0
-332 0
-333 0
-334 0
-335 0
-336 0
-337 0
-338 0
348 0
-341 0
-342 0
-343 0
-344 0
-345 0
-346 0
-347 0
-349 0
427 0
-421 0
-422 0
-423 0
-424 0
-425 0
-426 0
-428 0
-429 0
442 0
-441 0
-443 0
-444 0
-445 0
-446 0
-447 0
-448 0
-449 0
488 0
-481 0
-482 0
-483 0
-484 0
-485 0
-486 0
-487 0
-489 0
536 0
-531 0
-532 0
-533 0
-534 0
-535 0
-537 0
-538 0
-539 0
555 0
-551 0
-552 0
-553 0
-554 0
-556 0
-557 0
-558 0
-559 0
573 0
-571 0
-572 0
-574 0
-575 0
-576 0
-577 0
-578 0
-579 0
623 0
-621 0
-622 0
-624 0
-625 0
-626 0
-627 0
-628 0
-629 0
664 0
-661 0
-662 0
-663 0
-665 0
-666 0
-667 0
-668 0
-669 0
685 0
-681 0
-682 0
-683 0
-684 0
-686 0
-687 0
-688 0
-689 0
718 0
-711 0
-712 0
-713 0
-714 0
-715 0
-716 0
-717 0
-719 0
845 0
-841 0
-842 0
-843 0
-844 0
-846 0
-847 0
-848 0
-849 0
897 0
-891 0
-892 0
-893 0
-894 0
-895 0
-896 0
-898 0
-899 0
937 0
-931 0
-932 0
-933 0
-934 0
-935 0
-936 0
-938 0
-939 0
971 0
-972 0
-973 0
-974 0
-975 0
-976 0
-977 0
-978 0
-979 0
993 0
-991 0
-992 0
-994 0
-995 0
-996 0
-997 0
-998 0
-999 0
