158 0
-151 0
-152 0
-153 0
-154 0
-155 0
-156 0
-157 0
-159 0
173 0
-171 0
-172 0
-174 0
-175 0
-176 0
-177 0
-178 0
-179 0
214 0
-211 0
-212 0
-213 0
-215 0
-216 0
-217 0
-218 0
-219 0
227 0
-221 0
-222 0
-223 0
-224 0
-225 0
-226 0
-228 0
-229 0
263 0
-261 0
-262 0
-264 0
-265 0
-266 0
-267 0
-268 0
-269 0
278 0
-271 0
-272 0
-273 0
-274 0
-275 0
-276 0
-277 0
-279 0
281 0
-282 0
-283 0
-284 0
-285 0
-286 0
-287 0
-288 0
-289 0
321 0
-322 0
-323 0
-324 0
-325 0
-326 0
-327 0
-328 0
-329 0
354 0
-351 0
-352 0
-353 0
-355 0
-356 0
-357 0
-358 0
-359 0
434 0
-431 0
-432 0
-433 0
-435 0
-436 0
-437 0
-438 0
-439 0
487 0
-481 0
-482 0
-483 0
-484 0
-485 0
-486 0
-488 0
-489 0
545 0
-541 0
-542 0
-543 0
-544 0
-546 0
-547 0
-548 0
-549 0
562 0
-561 0
-563 0
-564 0
-565 0
-566 0
-567 0
-568 0
-569 0
615 0
-611 0
-612 0
-613 0
-614 0
-616 0
-617 0
-618 0
-619 0
676 0
-671 0
-672 0
-673 0
-674 0
-675 0
-677 0
-678 0
-679 0
743 0
-741 0
-742 0
-744 0
-745 0
-746 0
-747 0
-748 0
-749 0
772 0
-771 0
-773 0
-774 0
-775 0
-776 0
-777 0
-778 0
-779 0
826 0
-821 0
-822 0
-823 0
-824 0
-825 0
-827 0
-828 0
-829 0
842 0
-841 0
-843 0
-844 0
-845 0
-846 0
-847 0
-848 0
-849 0
899 0
-891 0
-892 0
-893 0
-894 0
-895 0
-896 0
-897 0
-898 0
931 0
-932 0
-933 0
-934 0
-935 0
-936 0
-937 0
-938 0
-939 0
957 0
-951 0
-952 0
-953 0
-954 0
-955 0
-956 0
-958 0
-959 0
158 0
-151 0
-152 0
-153 0
-154 0
-155 0
-156 0
-157 0
-159 0
173 0
-171 0
-172 0
-174 0
-175 0
-176 0
-177 0
-178 0
-179 0
214 0
-211 0
-212 0
-213 0
-215 0
-216 0
-217 0
-218 0
-219 0
227 0
-221 0
-222 0
-223 0
-224 0
-225 0
-226 0
-228 0
-229 0
263 0
-261 0
-262 0
-264 0
-265 0
-266 0
-267 0
-268 0
-269 0
278 0
-271 0
-272 0
-273 0
-274 0
-275 0
-276 0
-277 0
-279 0
281 0
-282 0
-283 0
-284 0
-285 0
-286 0
-287 0
-288 0
-289 0
321 0
-322 0
-323 0
-324 0
-325 0
-326 0
-327 0
-328 0
-329 0
354 0
-351 0
-352 0
-353 0
-355 0
-356 0
-357 0
-358 0
-359 0
434 0
-431 0
-432 0
-433 0
-435 0
-436 0
-437 0
-438 0
-439 0
487 0
-481 0
-482 0
-483 0
-484 0
-485 0
-486 0
-488 0
-489 0
545 0
-541 0
-542 0
-543 0
-544 0
-546 0
-547 0
-548 0
-549 0
562 0
-561 0
-563 0
-564 0
-565 0
-566 0
-567 0
-568 0
-569 0
615 0
-611 0
-612 0
-613 0
-614 0
-616 0
-617 0
-618 0
-619 0
676 0
-671 0
-672 0
-673 0
-674 0
-675 0
-677 0
-678 0
-679 0
743 0
-741 0
-742 0
-744 0
-745 0
-746 0
-747 0
-748 0
-749 0
772 0
-771 0
-773 0
-774 0
-775 0
-776 0
-777 0
-778 0
-779 0
826 0
-821 0
-822 0
-823 0
-824 0
-825 0
-827 0
-828 0
-829 0
842 0
-841 0
-843 0
-844 0
-845 0
-846 0
-847 0
-848 0
-849 0
899 0
-891 0
-892 0
-893 0
-894 0
-895 0
-896 0
-897 0
-898 0
931 0
-932 0
-933 0
-934 0
-935 0
-936 0
-937 0
-938 0
-939 0
957 0
-951 0
-952 0
-953 0
-954 0
-955 0
-956 0
-958 0
-959 0
