125 0
-121 0
-122 0
-123 0
-124 0
-126 0
-127 0
-128 0
-129 0
183 0
-181 0
-182 0
-184 0
-185 0
-186 0
-187 0
-188 0
-189 0
237 0
-231 0
-232 0
-233 0
-234 0
-235 0
-236 0
-238 0
-239 0
248 0
-241 0
-242 0
-243 0
-244 0
-245 0
-246 0
-247 0
-249 0
275 0
-271 0
-272 0
-273 0
-274 0
-276 0
-277 0
-278 0
-279 0
299 0
-291 0
-292 0
-293 0
-294 0
-295 0
-296 0
-297 0
-298 0
338 0
-331 0
-332 0
-333 0
-334 0
-335 0
-336 0
-337 0
-339 0
364 0
-361 0
-362 0
-363 0
-365 0
-366 0
-367 0
-368 0
-369 0
436 0
-431 0
-432 0
-433 0
-434 0
-435 0
-437 0
-438 0
-439 0
467 0
-461 0
-462 0
-463 0
-464 0
-465 0
-466 0
-468 0
-469 0
493 0
-491 0
-492 0
-494 0
-495 0
-496 0
-497 0
-498 0
-499 0
519 0
-511 0
-512 0
-513 0
-514 0
-515 0
-516 0
-517 0
-518 0
623 0
-621 0
-622 0
-624 0
-625 0
-626 0
-627 0
-628 0
-629 0
686 0
-681 0
-682 0
-683 0
-684 0
-685 0
-687 0
-688 0
-689 0
732 0
-731 0
-733 0
-734 0
-735 0
-736 0
-737 0
-738 0
-739 0
747 0
-741 0
-742 0
-743 0
-744 0
-745 0
-746 0
-748 0
-749 0
818 0
-811 0
-812 0
-813 0
-814 0
-815 0
-816 0
-817 0
-819 0
861 0
-862 0
-863 0
-864 0
-865 0
-866 0
-867 0
-868 0
-869 0
873 0
-871 0
-872 0
-874 0
-875 0
-876 0
-877 0
-878 0
-879 0
966 0
-961 0
-962 0
-963 0
-964 0
-965 0
-967 0
-968 0
-969 0
979 0
-971 0
-972 0
-973 0
-974 0
-975 0
-976 0
-977 0
-978 0
982 0
-981 0
-983 0
-984 0
-985 0
-986 0
-987 0
-988 0
-989 0
125 0
-121 0
-122 0
-123 0
-124 0
-126 0
-127 0
-128 0
-129 0
183 0
-181 0
-182 0
-184 0
-185 0
-186 0
-187 0
-188 0
-189 0
237 0
-231 0
-232 0
-233 0
-234 0
-235 0
-236 0
-238 0
-239 0
248 0
-241 0
-242 0
-243 0
-244 0
-245 0
-246 0
-247 0
-249 0
275 0
-271 0
-272 0
-273 0
-274 0
-276 0
-277 0
-278 0
-279 0
299 0
-291 0
-292 0
-293 0
-294 0
-295 0
-296 0
-297 0
-298 0
338 0
-331 0
-332 0
-333 0
-334 0
-335 0
-336 0
-337 0
-339 0
364 0
-361 0
-362 0
-363 0
-365 0
-366 0
-367 0
-368 0
-369 0
436 0
-431 0
-432 0
-433 0
-434 0
-435 0
-437 0
-438 0
-439 0
467 0
-461 0
-462 0
-463 0
-464 0
-465 0
-466 0
-468 0
-469 0
493 0
-491 0
-492 0
-494 0
-495 0
-496 0
-497 0
-498 0
-499 0
519 0
-511 0
-512 0
-513 0
-514 0
-515 0
-516 0
-517 0
-518 0
623 0
-621 0
-622 0
-624 0
-625 0
-626 0
-627 0
-628 0
-629 0
686 0
-681 0
-682 0
-683 0
-684 0
-685 0
-687 0
-688 0
-689 0
732 0
-731 0
-733 0
-734 0
-735 0
-736 0
-737 0
-738 0
-739 0
747 0
-741 0
-742 0
-743 0
-744 0
-745 0
-746 0
-748 0
-749 0
818 0
-811 0
-812 0
-813 0
-814 0
-815 0
-816 0
-817 0
-819 0
861 0
-862 0
-863 0
-864 0
-865 0
-866 0
-867 0
-868 0
-869 0
873 0
-871 0
-872 0
-874 0
-875 0
-876 0
-877 0
-878 0
-879 0
966 0
-961 0
-962 0
-963 0
-964 0
-965 0
-967 0
-968 0
-969 0
979 0
-971 0
-972 0
-973 0
-974 0
-975 0
-976 0
-977 0
-978 0
982 0
-981 0
-983 0
-984 0
-985 0
-986 0
-987 0
-988 0
-989 0
