154 0
-151 0
-152 0
-153 0
-155 0
-156 0
-157 0
-158 0
-159 0
226 0
-221 0
-222 0
-223 0
-224 0
-225 0
-227 0
-228 0
-229 0
283 0
-281 0
-282 0
-284 0
-285 0
-286 0
-287 0
-288 0
-289 0
337 0
-331 0
-332 0
-333 0
-334 0
-335 0
-336 0
-338 0
-339 0
371 0
-372 0
-373 0
-374 0
-375 0
-376 0
-377 0
-378 0
-379 0
399 0
-391 0
-392 0
-393 0
-394 0
-395 0
-396 0
-397 0
-398 0
412 0
-411 0
-413 0
-414 0
-415 0
-416 0
-417 0
-418 0
-419 0
485 0
-481 0
-482 0
-483 0
-484 0
-486 0
-487 0
-488 0
-489 0
518 0
-511 0
-512 0
-513 0
-514 0
-515 0
-516 0
-517 0
-519 0
557 0
-551 0
-552 0
-553 0
-554 0
-555 0
-556 0
-558 0
-559 0
564 0
-561 0
-562 0
-563 0
-565 0
-566 0
-567 0
-568 0
-569 0
592 0
-591 0
-593 0
-594 0
-595 0
-596 0
-597 0
-598 0
-599 0
641 0
-642 0
-643 0
-644 0
-645 0
-646 0
-647 0
-648 0
-649 0
696 0
-691 0
-692 0
-693 0
-694 0
-695 0
-697 0
-698 0
-699 0
731 0
-732 0
-733 0
-734 0
-735 0
-736 0
-737 0
-738 0
-739 0
748 0
-741 0
-742 0
-743 0
-744 0
-745 0
-746 0
-747 0
-749 0
777 0
-771 0
-772 0
-773 0
-774 0
-775 0
-776 0
-778 0
-779 0
795 0
-791 0
-792 0
-793 0
-794 0
-796 0
-797 0
-798 0
-799 0
823 0
-821 0
-822 0
-824 0
-825 0
-826 0
-827 0
-828 0
-829 0
838 0
-831 0
-832 0
-833 0
-834 0
-835 0
-836 0
-837 0
-839 0
952 0
-951 0
-953 0
-954 0
-955 0
-956 0
-957 0
-958 0
-959 0
