135 0
-131 0
-132 0
-133 0
-134 0
-136 0
-137 0
-138 0
-139 0
142 0
-141 0
-143 0
-144 0
-145 0
-146 0
-147 0
-148 0
-149 0
169 0
-161 0
-162 0
-163 0
-164 0
-165 0
-166 0
-167 0
-168 0
174 0
-171 0
-172 0
-173 0
-175 0
-176 0
-177 0
-178 0
-179 0
222 0
-221 0
-223 0
-224 0
-225 0
-226 0
-227 0
-228 0
-229 0
238 0
-231 0
-232 0
-233 0
-234 0
-235 0
-236 0
-237 0
-239 0
263 0
-261 0
-262 0
-264 0
-265 0
-266 0
-267 0
-268 0
-269 0
311 0
-312 0
-313 0
-314 0
-315 0
-316 0
-317 0
-318 0
-319 0
413 0
-411 0
-412 0
-414 0
-415 0
-416 0
-417 0
-418 0
-419 0
447 0
-441 0
-442 0
-443 0
-444 0
-445 0
-446 0
-448 0
-449 0
481 0
-482 0
-483 0
-484 0
-485 0
-486 0
-487 0
-488 0
-489 0
514 0
-511 0
-512 0
-513 0
-515 0
-516 0
-517 0
-518 0
-519 0
552 0
-551 0
-553 0
-554 0
-555 0
-556 0
-557 0
-558 0
-559 0
599 0
-591 0
-592 0
-593 0
-594 0
-595 0
-596 0
-597 0
-598 0
627 0
-621 0
-622 0
-623 0
-624 0
-625 0
-626 0
-628 0
-629 0
693 0
-691 0
-692 0
-694 0
-695 0
-696 0
-697 0
-698 0
-699 0
729 0
-721 0
-722 0
-723 0
-724 0
-725 0
-726 0
-727 0
-728 0
796 0
-791 0
-792 0
-793 0
-794 0
-795 0
-797 0
-798 0
-799 0
854 0
-851 0
-852 0
-853 0
-855 0
-856 0
-857 0
-858 0
-859 0
887 0
-881 0
-882 0
-883 0
-884 0
-885 0
-886 0
-888 0
-889 0
941 0
-942 0
-943 0
-944 0
-945 0
-946 0
-947 0
-948 0
-949 0
972 0
-971 0
-973 0
-974 0
-975 0
-976 0
-977 0
-978 0
-979 0
135 0
-131 0
-132 0
-133 0
-134 0
-136 0
-137 0
-138 0
-139 0
142 0
-141 0
-143 0
-144 0
-145 0
-146 0
-147 0
-148 0
-149 0
169 0
-161 0
-162 0
-163 0
-164 0
-165 0
-166 0
-167 0
-168 0
174 0
-171 0
-172 0
-173 0
-175 0
-176 0
-177 0
-178 0
-179 0
222 0
-221 0
-223 0
-224 0
-225 0
-226 0
-227 0
-228 0
-229 0
238 0
-231 0
-232 0
-233 0
-234 0
-235 0
-236 0
-237 0
-239 0
263 0
-261 0
-262 0
-264 0
-265 0
-266 0
-267 0
-268 0
-269 0
311 0
-312 0
-313 0
-314 0
-315 0
-316 0
-317 0
-318 0
-319 0
413 0
-411 0
-412 0
-414 0
-415 0
-416 0
-417 0
-418 0
-419 0
447 0
-441 0
-442 0
-443 0
-444 0
-445 0
-446 0
-448 0
-449 0
481 0
-482 0
-483 0
-484 0
-485 0
-486 0
-487 0
-488 0
-489 0
514 0
-511 0
-512 0
-513 0
-515 0
-516 0
-517 0
-518 0
-519 0
552 0
-551 0
-553 0
-554 0
-555 0
-556 0
-557 0
-558 0
-559 0
599 0
-591 0
-592 0
-593 0
-594 0
-595 0
-596 0
-597 0
-598 0
627 0
-621 0
-622 0
-623 0
-624 0
-625 0
-626 0
-628 0
-629 0
693 0
-691 0
-692 0
-694 0
-695 0
-696 0
-697 0
-698 0
-699 0
729 0
-721 0
-722 0
-723 0
-724 0
-725 0
-726 0
-727 0
-728 0
796 0
-791 0
-792 0
-793 0
-794 0
-795 0
-797 0
-798 0
-799 0
854 0
-851 0
-852 0
-853 0
-855 0
-856 0
-857 0
-858 0
-859 0
887 0
-881 0
-882 0
-883 0
-884 0
-885 0
-886 0
-888 0
-889 0
941 0
-942 0
-943 0
-944 0
-945 0
-946 0
-947 0
-948 0
-949 0
972 0
-971 0
-973 0
-974 0
-975 0
-976 0
-977 0
-978 0
-979 0
