159 0
-151 0
-152 0
-153 0
-154 0
-155 0
-156 0
-157 0
-158 0
188 0
-181 0
-182 0
-183 0
-184 0
-185 0
-186 0
-187 0
-189 0
236 0
-231 0
-232 0
-233 0
-234 0
-235 0
-237 0
-238 0
-239 0
245 0
-241 0
-242 0
-243 0
-244 0
-246 0
-247 0
-248 0
-249 0
344 0
-341 0
-342 0
-343 0
-345 0
-346 0
-347 0
-348 0
-349 0
358 0
-351 0
-352 0
-353 0
-354 0
-355 0
-356 0
-357 0
-359 0
375 0
-371 0
-372 0
-373 0
-374 0
-376 0
-377 0
-378 0
-379 0
391 0
-392 0
-393 0
-394 0
-395 0
-396 0
-397 0
-398 0
-399 0
422 0
-421 0
-423 0
-424 0
-425 0
-426 0
-427 0
-428 0
-429 0
448 0
-441 0
-442 0
-443 0
-444 0
-445 0
-446 0
-447 0
-449 0
493 0
-491 0
-492 0
-494 0
-495 0
-496 0
-497 0
-498 0
-499 0
533 0
-531 0
-532 0
-534 0
-535 0
-536 0
-537 0
-538 0
-539 0
565 0
-561 0
-562 0
-563 0
-564 0
-566 0
-567 0
-568 0
-569 0
647 0
-641 0
-642 0
-643 0
-644 0
-645 0
-646 0
-648 0
-649 0
661 0
-662 0
-663 0
-664 0
-665 0
-666 0
-667 0
-668 0
-669 0
689 0
-681 0
-682 0
-683 0
-684 0
-685 0
-686 0
-687 0
-688 0
714 0
-711 0
-712 0
-713 0
-715 0
-716 0
-717 0
-718 0
-719 0
735 0
-731 0
-732 0
-733 0
-734 0
-736 0
-737 0
-738 0
-739 0
783 0
-781 0
-782 0
-784 0
-785 0
-786 0
-787 0
-788 0
-789 0
816 0
-811 0
-812 0
-813 0
-814 0
-815 0
-817 0
-818 0
-819 0
874 0
-871 0
-872 0
-873 0
-875 0
-876 0
-877 0
-878 0
-879 0
921 0
-922 0
-923 0
-924 0
-925 0
-926 0
-927 0
-928 0
-929 0
997 0
-991 0
-992 0
-993 0
-994 0
-995 0
-996 0
-998 0
-999 0
