115 0
-111 0
-112 0
-113 0
-114 0
-116 0
-117 0
-118 0
-119 0
124 0
-121 0
-122 0
-123 0
-125 0
-126 0
-127 0
-128 0
-129 0
159 0
-151 0
-152 0
-153 0
-154 0
-155 0
-156 0
-157 0
-158 0
251 0
-252 0
-253 0
-254 0
-255 0
-256 0
-257 0
-258 0
-259 0
266 0
-261 0
-262 0
-263 0
-264 0
-265 0
-267 0
-268 0
-269 0
273 0
-271 0
-272 0
-274 0
-275 0
-276 0
-277 0
-278 0
-279 0
316 0
-311 0
-312 0
-313 0
-314 0
-315 0
-317 0
-318 0
-319 0
367 0
-361 0
-362 0
-363 0
-364 0
-365 0
-366 0
-368 0
-369 0
486 0
-481 0
-482 0
-483 0
-484 0
-485 0
-487 0
-488 0
-489 0
535 0
-531 0
-532 0
-533 0
-534 0
-536 0
-537 0
-538 0
-539 0
577 0
-571 0
-572 0
-573 0
-574 0
-575 0
-576 0
-578 0
-579 0
584 0
-581 0
-582 0
-583 0
-585 0
-586 0
-587 0
-588 0
-589 0
628 0
-621 0
-622 0
-623 0
-624 0
-625 0
-626 0
-627 0
-629 0
642 0
-641 0
-643 0
-644 0
-645 0
-646 0
-647 0
-648 0
-649 0
757 0
-751 0
-752 0
-753 0
-754 0
-755 0
-756 0
-758 0
-759 0
838 0
-831 0
-832 0
-833 0
-834 0
-835 0
-836 0
-837 0
-839 0
841 0
-842 0
-843 0
-844 0
-845 0
-846 0
-847 0
-848 0
-849 0
899 0
-891 0
-892 0
-893 0
-894 0
-895 0
-896 0
-897 0
-898 0
923 0
-921 0
-922 0
-924 0
-925 0
-926 0
-927 0
-928 0
-929 0
987 0
-981 0
-982 0
-983 0
-984 0
-985 0
-986 0
-988 0
-989 0
992 0
-991 0
-993 0
-994 0
-995 0
-996 0
-997 0
-998 0
-999 0
