115 0
-111 0
-112 0
-113 0
-114 0
-116 0
-117 0
-118 0
-119 0
128 0
-121 0
-122 0
-123 0
-124 0
-125 0
-126 0
-127 0
-129 0
144 0
-141 0
-142 0
-143 0
-145 0
-146 0
-147 0
-148 0
-149 0
159 0
-151 0
-152 0
-153 0
-154 0
-155 0
-156 0
-157 0
-158 0
186 0
-181 0
-182 0
-183 0
-184 0
-185 0
-187 0
-188 0
-189 0
197 0
-191 0
-192 0
-193 0
-194 0
-195 0
-196 0
-198 0
-199 0
214 0
-211 0
-212 0
-213 0
-215 0
-216 0
-217 0
-218 0
-219 0
237 0
-231 0
-232 0
-233 0
-234 0
-235 0
-236 0
-238 0
-239 0
246 0
-241 0
-242 0
-243 0
-244 0
-245 0
-247 0
-248 0
-249 0
316 0
-311 0
-312 0
-313 0
-314 0
-315 0
-317 0
-318 0
-319 0
365 0
-361 0
-362 0
-363 0
-364 0
-366 0
-367 0
-368 0
-369 0
418 0
-411 0
-412 0
-413 0
-414 0
-415 0
-416 0
-417 0
-419 0
452 0
-451 0
-453 0
-454 0
-455 0
-456 0
-457 0
-458 0
-459 0
495 0
-491 0
-492 0
-493 0
-494 0
-496 0
-497 0
-498 0
-499 0
548 0
-541 0
-542 0
-543 0
-544 0
-545 0
-546 0
-547 0
-549 0
567 0
-561 0
-562 0
-563 0
-564 0
-565 0
-566 0
-568 0
-569 0
639 0
-631 0
-632 0
-633 0
-634 0
-635 0
-636 0
-637 0
-638 0
655 0
-651 0
-652 0
-653 0
-654 0
-656 0
-657 0
-658 0
-659 0
678 0
-671 0
-672 0
-673 0
-674 0
-675 0
-676 0
-677 0
-679 0
763 0
-761 0
-762 0
-764 0
-765 0
-766 0
-767 0
-768 0
-769 0
789 0
-781 0
-782 0
-783 0
-784 0
-785 0
-786 0
-787 0
-788 0
819 0
-811 0
-812 0
-813 0
-814 0
-815 0
-816 0
-817 0
-818 0
845 0
-841 0
-842 0
-843 0
-844 0
-846 0
-847 0
-848 0
-849 0
898 0
-891 0
-892 0
-893 0
-894 0
-895 0
-896 0
-897 0
-899 0
913 0
-911 0
-912 0
-914 0
-915 0
-916 0
-917 0
-918 0
-919 0
949 0
-941 0
-942 0
-943 0
-944 0
-945 0
-946 0
-947 0
-948 0
956 0
-951 0
-952 0
-953 0
-954 0
-955 0
-957 0
-958 0
-959 0
974 0
-971 0
-972 0
-973 0
-975 0
-976 0
-977 0
-978 0
-979 0
985 0
-981 0
-982 0
-983 0
-984 0
-986 0
-987 0
-988 0
-989 0
991 0
-992 0
-993 0
-994 0
-995 0
-996 0
-997 0
-998 0
-999 0
