113 0
-111 0
-112 0
-114 0
-115 0
-116 0
-117 0
-118 0
-119 0
137 0
-131 0
-132 0
-133 0
-134 0
-135 0
-136 0
-138 0
-139 0
155 0
-151 0
-152 0
-153 0
-154 0
-156 0
-157 0
-158 0
-159 0
171 0
-172 0
-173 0
-174 0
-175 0
-176 0
-177 0
-178 0
-179 0
198 0
-191 0
-192 0
-193 0
-194 0
-195 0
-196 0
-197 0
-199 0
224 0
-221 0
-222 0
-223 0
-225 0
-226 0
-227 0
-228 0
-229 0
283 0
-281 0
-282 0
-284 0
-285 0
-286 0
-287 0
-288 0
-289 0
331 0
-332 0
-333 0
-334 0
-335 0
-336 0
-337 0
-338 0
-339 0
343 0
-341 0
-342 0
-344 0
-345 0
-346 0
-347 0
-348 0
-349 0
374 0
-371 0
-372 0
-373 0
-375 0
-376 0
-377 0
-378 0
-379 0
442 0
-441 0
-443 0
-444 0
-445 0
-446 0
-447 0
-448 0
-449 0
465 0
-461 0
-462 0
-463 0
-464 0
-466 0
-467 0
-468 0
-469 0
476 0
-471 0
-472 0
-473 0
-474 0
-475 0
-477 0
-478 0
-479 0
516 0
-511 0
-512 0
-513 0
-514 0
-515 0
-517 0
-518 0
-519 0
595 0
-591 0
-592 0
-593 0
-594 0
-596 0
-597 0
-598 0
-599 0
635 0
-631 0
-632 0
-633 0
-634 0
-636 0
-637 0
-638 0
-639 0
647 0
-641 0
-642 0
-643 0
-644 0
-645 0
-646 0
-648 0
-649 0
669 0
-661 0
-662 0
-663 0
-664 0
-665 0
-666 0
-667 0
-668 0
736 0
-731 0
-732 0
-733 0
-734 0
-735 0
-737 0
-738 0
-739 0
768 0
-761 0
-762 0
-763 0
-764 0
-765 0
-766 0
-767 0
-769 0
777 0
-771 0
-772 0
-773 0
-774 0
-775 0
-776 0
-778 0
-779 0
829 0
-821 0
-822 0
-823 0
-824 0
-825 0
-826 0
-827 0
-828 0
881 0
-882 0
-883 0
-884 0
-885 0
-886 0
-887 0
-888 0
-889 0
912 0
-911 0
-913 0
-914 0
-915 0
-916 0
-917 0
-918 0
-919 0
933 0
-931 0
-932 0
-934 0
-935 0
-936 0
-937 0
-938 0
-939 0
951 0
-952 0
-953 0
-954 0
-955 0
-956 0
-957 0
-958 0
-959 0
978 0
-971 0
-972 0
-973 0
-974 0
-975 0
-976 0
-977 0
-979 0
996 0
-991 0
-992 0
-993 0
-994 0
-995 0
-997 0
-998 0
-999 0
