172 0
-171 0
-173 0
-174 0
-175 0
-176 0
-177 0
-178 0
-179 0
249 0
-241 0
-242 0
-243 0
-244 0
-245 0
-246 0
-247 0
-248 0
274 0
-271 0
-272 0
-273 0
-275 0
-276 0
-277 0
-278 0
-279 0
298 0
-291 0
-292 0
-293 0
-294 0
-295 0
-296 0
-297 0
-299 0
344 0
-341 0
-342 0
-343 0
-345 0
-346 0
-347 0
-348 0
-349 0
356 0
-351 0
-352 0
-353 0
-354 0
-355 0
-357 0
-358 0
-359 0
365 0
-361 0
-362 0
-363 0
-364 0
-366 0
-367 0
-368 0
-369 0
428 0
-421 0
-422 0
-423 0
-424 0
-425 0
-426 0
-427 0
-429 0
466 0
-461 0
-462 0
-463 0
-464 0
-465 0
-467 0
-468 0
-469 0
521 0
-522 0
-523 0
-524 0
-525 0
-526 0
-527 0
-528 0
-529 0
532 0
-531 0
-533 0
-534 0
-535 0
-536 0
-537 0
-538 0
-539 0
555 0
-551 0
-552 0
-553 0
-554 0
-556 0
-557 0
-558 0
-559 0
615 0
-611 0
-612 0
-613 0
-614 0
-616 0
-617 0
-618 0
-619 0
629 0
-621 0
-622 0
-623 0
-624 0
-625 0
-626 0
-627 0
-628 0
688 0
-681 0
-682 0
-683 0
-684 0
-685 0
-686 0
-687 0
-689 0
693 0
-691 0
-692 0
-694 0
-695 0
-696 0
-697 0
-698 0
-699 0
711 0
-712 0
-713 0
-714 0
-715 0
-716 0
-717 0
-718 0
-719 0
837 0
-831 0
-832 0
-833 0
-834 0
-835 0
-836 0
-838 0
-839 0
851 0
-852 0
-853 0
-854 0
-855 0
-856 0
-857 0
-858 0
-859 0
862 0
-861 0
-863 0
-864 0
-865 0
-866 0
-867 0
-868 0
-869 0
885 0
-881 0
-882 0
-883 0
-884 0
-886 0
-887 0
-888 0
-889 0
899 0
-891 0
-892 0
-893 0
-894 0
-895 0
-896 0
-897 0
-898 0
926 0
-921 0
-922 0
-923 0
-924 0
-925 0
-927 0
-928 0
-929 0
933 0
-931 0
-932 0
-934 0
-935 0
-936 0
-937 0
-938 0
-939 0
967 0
-961 0
-962 0
-963 0
-964 0
-965 0
-966 0
-968 0
-969 0
