122 0
-121 0
-123 0
-124 0
-125 0
-126 0
-127 0
-128 0
-129 0
139 0
-131 0
-132 0
-133 0
-134 0
-135 0
-136 0
-137 0
-138 0
141 0
-142 0
-143 0
-144 0
-145 0
-146 0
-147 0
-148 0
-149 0
154 0
-151 0
-152 0
-153 0
-155 0
-156 0
-157 0
-158 0
-159 0
195 0
-191 0
-192 0
-193 0
-194 0
-196 0
-197 0
-198 0
-199 0
227 0
-221 0
-222 0
-223 0
-224 0
-225 0
-226 0
-228 0
-229 0
268 0
-261 0
-262 0
-263 0
-264 0
-265 0
-266 0
-267 0
-269 0
286 0
-281 0
-282 0
-283 0
-284 0
-285 0
-287 0
-288 0
-289 0
334 0
-331 0
-332 0
-333 0
-335 0
-336 0
-337 0
-338 0
-339 0
349 0
-341 0
-342 0
-343 0
-344 0
-345 0
-346 0
-347 0
-348 0
372 0
-371 0
-373 0
-374 0
-375 0
-376 0
-377 0
-378 0
-379 0
432 0
-431 0
-433 0
-434 0
-435 0
-436 0
-437 0
-438 0
-439 0
623 0
-621 0
-622 0
-624 0
-625 0
-626 0
-627 0
-628 0
-629 0
642 0
-641 0
-643 0
-644 0
-645 0
-646 0
-647 0
-648 0
-649 0
659 0
-651 0
-652 0
-653 0
-654 0
-655 0
-656 0
-657 0
-658 0
678 0
-671 0
-672 0
-673 0
-674 0
-675 0
-676 0
-677 0
-679 0
681 0
-682 0
-683 0
-684 0
-685 0
-686 0
-687 0
-688 0
-689 0
694 0
-691 0
-692 0
-693 0
-695 0
-696 0
-697 0
-698 0
-699 0
717 0
-711 0
-712 0
-713 0
-714 0
-715 0
-716 0
-718 0
-719 0
738 0
-731 0
-732 0
-733 0
-734 0
-735 0
-736 0
-737 0
-739 0
775 0
-771 0
-772 0
-773 0
-774 0
-776 0
-777 0
-778 0
-779 0
789 0
-781 0
-782 0
-783 0
-784 0
-785 0
-786 0
-787 0
-788 0
844 0
-841 0
-842 0
-843 0
-845 0
-846 0
-847 0
-848 0
-849 0
857 0
-851 0
-852 0
-853 0
-854 0
-855 0
-856 0
-858 0
-859 0
873 0
-871 0
-872 0
-874 0
-875 0
-876 0
-877 0
-878 0
-879 0
122 0
-121 0
-123 0
-124 0
-125 0
-126 0
-127 0
-128 0
-129 0
139 0
-131 0
-132 0
-133 0
-134 0
-135 0
-136 0
-137 0
-138 0
141 0
-142 0
-143 0
-144 0
-145 0
-146 0
-147 0
-148 0
-149 0
154 0
-151 0
-152 0
-153 0
-155 0
-156 0
-157 0
-158 0
-159 0
195 0
-191 0
-192 0
-193 0
-194 0
-196 0
-197 0
-198 0
-199 0
227 0
-221 0
-222 0
-223 0
-224 0
-225 0
-226 0
-228 0
-229 0
268 0
-261 0
-262 0
-263 0
-264 0
-265 0
-266 0
-267 0
-269 0
286 0
-281 0
-282 0
-283 0
-284 0
-285 0
-287 0
-288 0
-289 0
334 0
-331 0
-332 0
-333 0
-335 0
-336 0
-337 0
-338 0
-339 0
349 0
-341 0
-342 0
-343 0
-344 0
-345 0
-346 0
-347 0
-348 0
372 0
-371 0
-373 0
-374 0
-375 0
-376 0
-377 0
-378 0
-379 0
432 0
-431 0
-433 0
-434 0
-435 0
-436 0
-437 0
-438 0
-439 0
623 0
-621 0
-622 0
-624 0
-625 0
-626 0
-627 0
-628 0
-629 0
642 0
-641 0
-643 0
-644 0
-645 0
-646 0
-647 0
-648 0
-649 0
659 0
-651 0
-652 0
-653 0
-654 0
-655 0
-656 0
-657 0
-658 0
678 0
-671 0
-672 0
-673 0
-674 0
-675 0
-676 0
-677 0
-679 0
681 0
-682 0
-683 0
-684 0
-685 0
-686 0
-687 0
-688 0
-689 0
694 0
-691 0
-692 0
-693 0
-695 0
-696 0
-697 0
-698 0
-699 0
717 0
-711 0
-712 0
-713 0
-714 0
-715 0
-716 0
-718 0
-719 0
738 0
-731 0
-732 0
-733 0
-734 0
-735 0
-736 0
-737 0
-739 0
775 0
-771 0
-772 0
-773 0
-774 0
-776 0
-777 0
-778 0
-779 0
789 0
-781 0
-782 0
-783 0
-784 0
-785 0
-786 0
-787 0
-788 0
844 0
-841 0
-842 0
-843 0
-845 0
-846 0
-847 0
-848 0
-849 0
857 0
-851 0
-852 0
-853 0
-854 0
-855 0
-856 0
-858 0
-859 0
873 0
-871 0
-872 0
-874 0
-875 0
-876 0
-877 0
-878 0
-879 0
