124 0
-121 0
-122 0
-123 0
-125 0
-126 0
-127 0
-128 0
-129 0
146 0
-141 0
-142 0
-143 0
-144 0
-145 0
-147 0
-148 0
-149 0
157 0
-151 0
-152 0
-153 0
-154 0
-155 0
-156 0
-158 0
-159 0
182 0
-181 0
-183 0
-184 0
-185 0
-186 0
-187 0
-188 0
-189 0
248 0
-241 0
-242 0
-243 0
-244 0
-245 0
-246 0
-247 0
-249 0
328 0
-321 0
-322 0
-323 0
-324 0
-325 0
-326 0
-327 0
-329 0
336 0
-331 0
-332 0
-333 0
-334 0
-335 0
-337 0
-338 0
-339 0
369 0
-361 0
-362 0
-363 0
-364 0
-365 0
-366 0
-367 0
-368 0
377 0
-371 0
-372 0
-373 0
-374 0
-375 0
-376 0
-378 0
-379 0
383 0
-381 0
-382 0
-384 0
-385 0
-386 0
-387 0
-388 0
-389 0
475 0
-471 0
-472 0
-473 0
-474 0
-476 0
-477 0
-478 0
-479 0
488 0
-481 0
-482 0
-483 0
-484 0
-485 0
-486 0
-487 0
-489 0
521 0
-522 0
-523 0
-524 0
-525 0
-526 0
-527 0
-528 0
-529 0
537 0
-531 0
-532 0
-533 0
-534 0
-535 0
-536 0
-538 0
-539 0
574 0
-571 0
-572 0
-573 0
-575 0
-576 0
-577 0
-578 0
-579 0
589 0
-581 0
-582 0
-583 0
-584 0
-585 0
-586 0
-587 0
-588 0
629 0
-621 0
-622 0
-623 0
-624 0
-625 0
-626 0
-627 0
-628 0
638 0
-631 0
-632 0
-633 0
-634 0
-635 0
-636 0
-637 0
-639 0
725 0
-721 0
-722 0
-723 0
-724 0
-726 0
-727 0
-728 0
-729 0
733 0
-731 0
-732 0
-734 0
-735 0
-736 0
-737 0
-738 0
-739 0
747 0
-741 0
-742 0
-743 0
-744 0
-745 0
-746 0
-748 0
-749 0
779 0
-771 0
-772 0
-773 0
-774 0
-775 0
-776 0
-777 0
-778 0
784 0
-781 0
-782 0
-783 0
-785 0
-786 0
-787 0
-788 0
-789 0
863 0
-861 0
-862 0
-864 0
-865 0
-866 0
-867 0
-868 0
-869 0
922 0
-921 0
-923 0
-924 0
-925 0
-926 0
-927 0
-928 0
-929 0
955 0
-951 0
-952 0
-953 0
-954 0
-956 0
-957 0
-958 0
-959 0
961 0
-962 0
-963 0
-964 0
-965 0
-966 0
-967 0
-968 0
-969 0
987 0
-981 0
-982 0
-983 0
-984 0
-985 0
-986 0
-988 0
-989 0
124 0
-121 0
-122 0
-123 0
-125 0
-126 0
-127 0
-128 0
-129 0
146 0
-141 0
-142 0
-143 0
-144 0
-145 0
-147 0
-148 0
-149 0
157 0
-151 0
-152 0
-153 0
-154 0
-155 0
-156 0
-158 0
-159 0
182 0
-181 0
-183 0
-184 0
-185 0
-186 0
-187 0
-188 0
-189 0
248 0
-241 0
-242 0
-243 0
-244 0
-245 0
-246 0
-247 0
-249 0
328 0
-321 0
-322 0
-323 0
-324 0
-325 0
-326 0
-327 0
-329 0
336 0
-331 0
-332 0
-333 0
-334 0
-335 0
-337 0
-338 0
-339 0
369 0
-361 0
-362 0
-363 0
-364 0
-365 0
-366 0
-367 0
-368 0
377 0
-371 0
-372 0
-373 0
-374 0
-375 0
-376 0
-378 0
-379 0
383 0
-381 0
-382 0
-384 0
-385 0
-386 0
-387 0
-388 0
-389 0
475 0
-471 0
-472 0
-473 0
-474 0
-476 0
-477 0
-478 0
-479 0
488 0
-481 0
-482 0
-483 0
-484 0
-485 0
-486 0
-487 0
-489 0
521 0
-522 0
-523 0
-524 0
-525 0
-526 0
-527 0
-528 0
-529 0
537 0
-531 0
-532 0
-533 0
-534 0
-535 0
-536 0
-538 0
-539 0
574 0
-571 0
-572 0
-573 0
-575 0
-576 0
-577 0
-578 0
-579 0
589 0
-581 0
-582 0
-583 0
-584 0
-585 0
-586 0
-587 0
-588 0
629 0
-621 0
-622 0
-623 0
-624 0
-625 0
-626 0
-627 0
-628 0
638 0
-631 0
-632 0
-633 0
-634 0
-635 0
-636 0
-637 0
-639 0
725 0
-721 0
-722 0
-723 0
-724 0
-726 0
-727 0
-728 0
-729 0
733 0
-731 0
-732 0
-734 0
-735 0
-736 0
-737 0
-738 0
-739 0
747 0
-741 0
-742 0
-743 0
-744 0
-745 0
-746 0
-748 0
-749 0
779 0
-771 0
-772 0
-773 0
-774 0
-775 0
-776 0
-777 0
-778 0
784 0
-781 0
-782 0
-783 0
-785 0
-786 0
-787 0
-788 0
-789 0
863 0
-861 0
-862 0
-864 0
-865 0
-866 0
-867 0
-868 0
-869 0
922 0
-921 0
-923 0
-924 0
-925 0
-926 0
-927 0
-928 0
-929 0
955 0
-951 0
-952 0
-953 0
-954 0
-956 0
-957 0
-958 0
-959 0
961 0
-962 0
-963 0
-964 0
-965 0
-966 0
-967 0
-968 0
-969 0
987 0
-981 0
-982 0
-983 0
-984 0
-985 0
-986 0
-988 0
-989 0
