137 0
-131 0
-132 0
-133 0
-134 0
-135 0
-136 0
-138 0
-139 0
155 0
-151 0
-152 0
-153 0
-154 0
-156 0
-157 0
-158 0
-159 0
182 0
-181 0
-183 0
-184 0
-185 0
-186 0
-187 0
-188 0
-189 0
225 0
-221 0
-222 0
-223 0
-224 0
-226 0
-227 0
-228 0
-229 0
276 0
-271 0
-272 0
-273 0
-274 0
-275 0
-277 0
-278 0
-279 0
313 0
-311 0
-312 0
-314 0
-315 0
-316 0
-317 0
-318 0
-319 0
357 0
-351 0
-352 0
-353 0
-354 0
-355 0
-356 0
-358 0
-359 0
375 0
-371 0
-372 0
-373 0
-374 0
-376 0
-377 0
-378 0
-379 0
436 0
-431 0
-432 0
-433 0
-434 0
-435 0
-437 0
-438 0
-439 0
447 0
-441 0
-442 0
-443 0
-444 0
-445 0
-446 0
-448 0
-449 0
462 0
-461 0
-463 0
-464 0
-465 0
-466 0
-467 0
-468 0
-469 0
473 0
-471 0
-472 0
-474 0
-475 0
-476 0
-477 0
-478 0
-479 0
522 0
-521 0
-523 0
-524 0
-525 0
-526 0
-527 0
-528 0
-529 0
548 0
-541 0
-542 0
-543 0
-544 0
-545 0
-546 0
-547 0
-549 0
565 0
-561 0
-562 0
-563 0
-564 0
-566 0
-567 0
-568 0
-569 0
584 0
-581 0
-582 0
-583 0
-585 0
-586 0
-587 0
-588 0
-589 0
621 0
-622 0
-623 0
-624 0
-625 0
-626 0
-627 0
-628 0
-629 0
643 0
-641 0
-642 0
-644 0
-645 0
-646 0
-647 0
-648 0
-649 0
664 0
-661 0
-662 0
-663 0
-665 0
-666 0
-667 0
-668 0
-669 0
686 0
-681 0
-682 0
-683 0
-684 0
-685 0
-687 0
-688 0
-689 0
723 0
-721 0
-722 0
-724 0
-725 0
-726 0
-727 0
-728 0
-729 0
739 0
-731 0
-732 0
-733 0
-734 0
-735 0
-736 0
-737 0
-738 0
758 0
-751 0
-752 0
-753 0
-754 0
-755 0
-756 0
-757 0
-759 0
791 0
-792 0
-793 0
-794 0
-795 0
-796 0
-797 0
-798 0
-799 0
815 0
-811 0
-812 0
-813 0
-814 0
-816 0
-817 0
-818 0
-819 0
889 0
-881 0
-882 0
-883 0
-884 0
-885 0
-886 0
-887 0
-888 0
953 0
-951 0
-952 0
-954 0
-955 0
-956 0
-957 0
-958 0
-959 0
978 0
-971 0
-972 0
-973 0
-974 0
-975 0
-976 0
-977 0
-979 0
