119 0
-111 0
-112 0
-113 0
-114 0
-115 0
-116 0
-117 0
-118 0
145 0
-141 0
-142 0
-143 0
-144 0
-146 0
-147 0
-148 0
-149 0
184 0
-181 0
-182 0
-183 0
-185 0
-186 0
-187 0
-188 0
-189 0
223 0
-221 0
-222 0
-224 0
-225 0
-226 0
-227 0
-228 0
-229 0
291 0
-292 0
-293 0
-294 0
-295 0
-296 0
-297 0
-298 0
-299 0
314 0
-311 0
-312 0
-313 0
-315 0
-316 0
-317 0
-318 0
-319 0
351 0
-352 0
-353 0
-354 0
-355 0
-356 0
-357 0
-358 0
-359 0
386 0
-381 0
-382 0
-383 0
-384 0
-385 0
-387 0
-388 0
-389 0
393 0
-391 0
-392 0
-394 0
-395 0
-396 0
-397 0
-398 0
-399 0
435 0
-431 0
-432 0
-433 0
-434 0
-436 0
-437 0
-438 0
-439 0
511 0
-512 0
-513 0
-514 0
-515 0
-516 0
-517 0
-518 0
-519 0
529 0
-521 0
-522 0
-523 0
-524 0
-525 0
-526 0
-527 0
-528 0
537 0
-531 0
-532 0
-533 0
-534 0
-535 0
-536 0
-538 0
-539 0
572 0
-571 0
-573 0
-574 0
-575 0
-576 0
-577 0
-578 0
-579 0
598 0
-591 0
-592 0
-593 0
-594 0
-595 0
-596 0
-597 0
-599 0
663 0
-661 0
-662 0
-664 0
-665 0
-666 0
-667 0
-668 0
-669 0
676 0
-671 0
-672 0
-673 0
-674 0
-675 0
-677 0
-678 0
-679 0
718 0
-711 0
-712 0
-713 0
-714 0
-715 0
-716 0
-717 0
-719 0
732 0
-731 0
-733 0
-734 0
-735 0
-736 0
-737 0
-738 0
-739 0
797 0
-791 0
-792 0
-793 0
-794 0
-795 0
-796 0
-798 0
-799 0
862 0
-861 0
-863 0
-864 0
-865 0
-866 0
-867 0
-868 0
-869 0
924 0
-921 0
-922 0
-923 0
-925 0
-926 0
-927 0
-928 0
-929 0
948 0
-941 0
-942 0
-943 0
-944 0
-945 0
-946 0
-947 0
-949 0
969 0
-961 0
-962 0
-963 0
-964 0
-965 0
-966 0
-967 0
-968 0
119 0
-111 0
-112 0
-113 0
-114 0
-115 0
-116 0
-117 0
-118 0
145 0
-141 0
-142 0
-143 0
-144 0
-146 0
-147 0
-148 0
-149 0
184 0
-181 0
-182 0
-183 0
-185 0
-186 0
-187 0
-188 0
-189 0
223 0
-221 0
-222 0
-224 0
-225 0
-226 0
-227 0
-228 0
-229 0
291 0
-292 0
-293 0
-294 0
-295 0
-296 0
-297 0
-298 0
-299 0
314 0
-311 0
-312 0
-313 0
-315 0
-316 0
-317 0
-318 0
-319 0
351 0
-352 0
-353 0
-354 0
-355 0
-356 0
-357 0
-358 0
-359 0
386 0
-381 0
-382 0
-383 0
-384 0
-385 0
-387 0
-388 0
-389 0
393 0
-391 0
-392 0
-394 0
-395 0
-396 0
-397 0
-398 0
-399 0
435 0
-431 0
-432 0
-433 0
-434 0
-436 0
-437 0
-438 0
-439 0
511 0
-512 0
-513 0
-514 0
-515 0
-516 0
-517 0
-518 0
-519 0
529 0
-521 0
-522 0
-523 0
-524 0
-525 0
-526 0
-527 0
-528 0
537 0
-531 0
-532 0
-533 0
-534 0
-535 0
-536 0
-538 0
-539 0
572 0
-571 0
-573 0
-574 0
-575 0
-576 0
-577 0
-578 0
-579 0
598 0
-591 0
-592 0
-593 0
-594 0
-595 0
-596 0
-597 0
-599 0
663 0
-661 0
-662 0
-664 0
-665 0
-666 0
-667 0
-668 0
-669 0
676 0
-671 0
-672 0
-673 0
-674 0
-675 0
-677 0
-678 0
-679 0
718 0
-711 0
-712 0
-713 0
-714 0
-715 0
-716 0
-717 0
-719 0
732 0
-731 0
-733 0
-734 0
-735 0
-736 0
-737 0
-738 0
-739 0
797 0
-791 0
-792 0
-793 0
-794 0
-795 0
-796 0
-798 0
-799 0
862 0
-861 0
-863 0
-864 0
-865 0
-866 0
-867 0
-868 0
-869 0
924 0
-921 0
-922 0
-923 0
-925 0
-926 0
-927 0
-928 0
-929 0
948 0
-941 0
-942 0
-943 0
-944 0
-945 0
-946 0
-947 0
-949 0
969 0
-961 0
-962 0
-963 0
-964 0
-965 0
-966 0
-967 0
-968 0
