142 0
-141 0
-143 0
-144 0
-145 0
-146 0
-147 0
-148 0
-149 0
178 0
-171 0
-172 0
-173 0
-174 0
-175 0
-176 0
-177 0
-179 0
191 0
-192 0
-193 0
-194 0
-195 0
-196 0
-197 0
-198 0
-199 0
235 0
-231 0
-232 0
-233 0
-234 0
-236 0
-237 0
-238 0
-239 0
249 0
-241 0
-242 0
-243 0
-244 0
-245 0
-246 0
-247 0
-248 0
254 0
-251 0
-252 0
-253 0
-255 0
-256 0
-257 0
-258 0
-259 0
321 0
-322 0
-323 0
-324 0
-325 0
-326 0
-327 0
-328 0
-329 0
345 0
-341 0
-342 0
-343 0
-344 0
-346 0
-347 0
-348 0
-349 0
399 0
-391 0
-392 0
-393 0
-394 0
-395 0
-396 0
-397 0
-398 0
436 0
-431 0
-432 0
-433 0
-434 0
-435 0
-437 0
-438 0
-439 0
487 0
-481 0
-482 0
-483 0
-484 0
-485 0
-486 0
-488 0
-489 0
538 0
-531 0
-532 0
-533 0
-534 0
-535 0
-536 0
-537 0
-539 0
576 0
-571 0
-572 0
-573 0
-574 0
-575 0
-577 0
-578 0
-579 0
592 0
-591 0
-593 0
-594 0
-595 0
-596 0
-597 0
-598 0
-599 0
617 0
-611 0
-612 0
-613 0
-614 0
-615 0
-616 0
-618 0
-619 0
694 0
-691 0
-692 0
-693 0
-695 0
-696 0
-697 0
-698 0
-699 0
728 0
-721 0
-722 0
-723 0
-724 0
-725 0
-726 0
-727 0
-729 0
741 0
-742 0
-743 0
-744 0
-745 0
-746 0
-747 0
-748 0
-749 0
765 0
-761 0
-762 0
-763 0
-764 0
-766 0
-767 0
-768 0
-769 0
779 0
-771 0
-772 0
-773 0
-774 0
-775 0
-776 0
-777 0
-778 0
814 0
-811 0
-812 0
-813 0
-815 0
-816 0
-817 0
-818 0
-819 0
869 0
-861 0
-862 0
-863 0
-864 0
-865 0
-866 0
-867 0
-868 0
939 0
-931 0
-932 0
-933 0
-934 0
-935 0
-936 0
-937 0
-938 0
952 0
-951 0
-953 0
-954 0
-955 0
-956 0
-957 0
-958 0
-959 0
967 0
-961 0
-962 0
-963 0
-964 0
-965 0
-966 0
-968 0
-969 0
986 0
-981 0
-982 0
-983 0
-984 0
-985 0
-987 0
-988 0
-989 0
142 0
-141 0
-143 0
-144 0
-145 0
-146 0
-147 0
-148 0
-149 0
178 0
-171 0
-172 0
-173 0
-174 0
-175 0
-176 0
-177 0
-179 0
191 0
-192 0
-193 0
-194 0
-195 0
-196 0
-197 0
-198 0
-199 0
235 0
-231 0
-232 0
-233 0
-234 0
-236 0
-237 0
-238 0
-239 0
249 0
-241 0
-242 0
-243 0
-244 0
-245 0
-246 0
-247 0
-248 0
254 0
-251 0
-252 0
-253 0
-255 0
-256 0
-257 0
-258 0
-259 0
321 0
-322 0
-323 0
-324 0
-325 0
-326 0
-327 0
-328 0
-329 0
345 0
-341 0
-342 0
-343 0
-344 0
-346 0
-347 0
-348 0
-349 0
399 0
-391 0
-392 0
-393 0
-394 0
-395 0
-396 0
-397 0
-398 0
436 0
-431 0
-432 0
-433 0
-434 0
-435 0
-437 0
-438 0
-439 0
487 0
-481 0
-482 0
-483 0
-484 0
-485 0
-486 0
-488 0
-489 0
538 0
-531 0
-532 0
-533 0
-534 0
-535 0
-536 0
-537 0
-539 0
576 0
-571 0
-572 0
-573 0
-574 0
-575 0
-577 0
-578 0
-579 0
592 0
-591 0
-593 0
-594 0
-595 0
-596 0
-597 0
-598 0
-599 0
617 0
-611 0
-612 0
-613 0
-614 0
-615 0
-616 0
-618 0
-619 0
694 0
-691 0
-692 0
-693 0
-695 0
-696 0
-697 0
-698 0
-699 0
728 0
-721 0
-722 0
-723 0
-724 0
-725 0
-726 0
-727 0
-729 0
741 0
-742 0
-743 0
-744 0
-745 0
-746 0
-747 0
-748 0
-749 0
765 0
-761 0
-762 0
-763 0
-764 0
-766 0
-767 0
-768 0
-769 0
779 0
-771 0
-772 0
-773 0
-774 0
-775 0
-776 0
-777 0
-778 0
814 0
-811 0
-812 0
-813 0
-815 0
-816 0
-817 0
-818 0
-819 0
869 0
-861 0
-862 0
-863 0
-864 0
-865 0
-866 0
-867 0
-868 0
939 0
-931 0
-932 0
-933 0
-934 0
-935 0
-936 0
-937 0
-938 0
952 0
-951 0
-953 0
-954 0
-955 0
-956 0
-957 0
-958 0
-959 0
967 0
-961 0
-962 0
-963 0
-964 0
-965 0
-966 0
-968 0
-969 0
986 0
-981 0
-982 0
-983 0
-984 0
-985 0
-987 0
-988 0
-989 0
