137 0
-131 0
-132 0
-133 0
-134 0
-135 0
-136 0
-138 0
-139 0
142 0
-141 0
-143 0
-144 0
-145 0
-146 0
-147 0
-148 0
-149 0
179 0
-171 0
-172 0
-173 0
-174 0
-175 0
-176 0
-177 0
-178 0
221 0
-222 0
-223 0
-224 0
-225 0
-226 0
-227 0
-228 0
-229 0
234 0
-231 0
-232 0
-233 0
-235 0
-236 0
-237 0
-238 0
-239 0
246 0
-241 0
-242 0
-243 0
-244 0
-245 0
-247 0
-248 0
-249 0
318 0
-311 0
-312 0
-313 0
-314 0
-315 0
-316 0
-317 0
-319 0
424 0
-421 0
-422 0
-423 0
-425 0
-426 0
-427 0
-428 0
-429 0
455 0
-451 0
-452 0
-453 0
-454 0
-456 0
-457 0
-458 0
-459 0
461 0
-462 0
-463 0
-464 0
-465 0
-466 0
-467 0
-468 0
-469 0
477 0
-471 0
-472 0
-473 0
-474 0
-475 0
-476 0
-478 0
-479 0
499 0
-491 0
-492 0
-493 0
-494 0
-495 0
-496 0
-497 0
-498 0
559 0
-551 0
-552 0
-553 0
-554 0
-555 0
-556 0
-557 0
-558 0
576 0
-571 0
-572 0
-573 0
-574 0
-575 0
-577 0
-578 0
-579 0
639 0
-631 0
-632 0
-633 0
-634 0
-635 0
-636 0
-637 0
-638 0
643 0
-641 0
-642 0
-644 0
-645 0
-646 0
-647 0
-648 0
-649 0
672 0
-671 0
-673 0
-674 0
-675 0
-676 0
-677 0
-678 0
-679 0
717 0
-711 0
-712 0
-713 0
-714 0
-715 0
-716 0
-718 0
-719 0
731 0
-732 0
-733 0
-734 0
-735 0
-736 0
-737 0
-738 0
-739 0
753 0
-751 0
-752 0
-754 0
-755 0
-756 0
-757 0
-758 0
-759 0
774 0
-771 0
-772 0
-773 0
-775 0
-776 0
-777 0
-778 0
-779 0
796 0
-791 0
-792 0
-793 0
-794 0
-795 0
-797 0
-798 0
-799 0
814 0
-811 0
-812 0
-813 0
-815 0
-816 0
-817 0
-818 0
-819 0
936 0
-931 0
-932 0
-933 0
-934 0
-935 0
-937 0
-938 0
-939 0
971 0
-972 0
-973 0
-974 0
-975 0
-976 0
-977 0
-978 0
-979 0
995 0
-991 0
-992 0
-993 0
-994 0
-996 0
-997 0
-998 0
-999 0
