164 0
-161 0
-162 0
-163 0
-165 0
-166 0
-167 0
-168 0
-169 0
224 0
-221 0
-222 0
-223 0
-225 0
-226 0
-227 0
-228 0
-229 0
237 0
-231 0
-232 0
-233 0
-234 0
-235 0
-236 0
-238 0
-239 0
276 0
-271 0
-272 0
-273 0
-274 0
-275 0
-277 0
-278 0
-279 0
281 0
-282 0
-283 0
-284 0
-285 0
-286 0
-287 0
-288 0
-289 0
319 0
-311 0
-312 0
-313 0
-314 0
-315 0
-316 0
-317 0
-318 0
323 0
-321 0
-322 0
-324 0
-325 0
-326 0
-327 0
-328 0
-329 0
348 0
-341 0
-342 0
-343 0
-344 0
-345 0
-346 0
-347 0
-349 0
366 0
-361 0
-362 0
-363 0
-364 0
-365 0
-367 0
-368 0
-369 0
384 0
-381 0
-382 0
-383 0
-385 0
-386 0
-387 0
-388 0
-389 0
395 0
-391 0
-392 0
-393 0
-394 0
-396 0
-397 0
-398 0
-399 0
414 0
-411 0
-412 0
-413 0
-415 0
-416 0
-417 0
-418 0
-419 0
429 0
-421 0
-422 0
-423 0
-424 0
-425 0
-426 0
-427 0
-428 0
463 0
-461 0
-462 0
-464 0
-465 0
-466 0
-467 0
-468 0
-469 0
487 0
-481 0
-482 0
-483 0
-484 0
-485 0
-486 0
-488 0
-489 0
491 0
-492 0
-493 0
-494 0
-495 0
-496 0
-497 0
-498 0
-499 0
555 0
-551 0
-552 0
-553 0
-554 0
-556 0
-557 0
-558 0
-559 0
632 0
-631 0
-633 0
-634 0
-635 0
-636 0
-637 0
-638 0
-639 0
649 0
-641 0
-642 0
-643 0
-644 0
-645 0
-646 0
-647 0
-648 0
673 0
-671 0
-672 0
-674 0
-675 0
-676 0
-677 0
-678 0
-679 0
716 0
-711 0
-712 0
-713 0
-714 0
-715 0
-717 0
-718 0
-719 0
727 0
-721 0
-722 0
-723 0
-724 0
-725 0
-726 0
-728 0
-729 0
741 0
-742 0
-743 0
-744 0
-745 0
-746 0
-747 0
-748 0
-749 0
762 0
-761 0
-763 0
-764 0
-765 0
-766 0
-767 0
-768 0
-769 0
783 0
-781 0
-782 0
-784 0
-785 0
-786 0
-787 0
-788 0
-789 0
794 0
-791 0
-792 0
-793 0
-795 0
-796 0
-797 0
-798 0
-799 0
825 0
-821 0
-822 0
-823 0
-824 0
-826 0
-827 0
-828 0
-829 0
834 0
-831 0
-832 0
-833 0
-835 0
-836 0
-837 0
-838 0
-839 0
879 0
-871 0
-872 0
-873 0
-874 0
-875 0
-876 0
-877 0
-878 0
882 0
-881 0
-883 0
-884 0
-885 0
-886 0
-887 0
-888 0
-889 0
965 0
-961 0
-962 0
-963 0
-964 0
-966 0
-967 0
-968 0
-969 0
