188 0
-181 0
-182 0
-183 0
-184 0
-185 0
-186 0
-187 0
-189 0
194 0
-191 0
-192 0
-193 0
-195 0
-196 0
-197 0
-198 0
-199 0
228 0
-221 0
-222 0
-223 0
-224 0
-225 0
-226 0
-227 0
-229 0
235 0
-231 0
-232 0
-233 0
-234 0
-236 0
-237 0
-238 0
-239 0
247 0
-241 0
-242 0
-243 0
-244 0
-245 0
-246 0
-248 0
-249 0
263 0
-261 0
-262 0
-264 0
-265 0
-266 0
-267 0
-268 0
-269 0
321 0
-322 0
-323 0
-324 0
-325 0
-326 0
-327 0
-328 0
-329 0
334 0
-331 0
-332 0
-333 0
-335 0
-336 0
-337 0
-338 0
-339 0
352 0
-351 0
-353 0
-354 0
-355 0
-356 0
-357 0
-358 0
-359 0
426 0
-421 0
-422 0
-423 0
-424 0
-425 0
-427 0
-428 0
-429 0
453 0
-451 0
-452 0
-454 0
-455 0
-456 0
-457 0
-458 0
-459 0
467 0
-461 0
-462 0
-463 0
-464 0
-465 0
-466 0
-468 0
-469 0
485 0
-481 0
-482 0
-483 0
-484 0
-486 0
-487 0
-488 0
-489 0
537 0
-531 0
-532 0
-533 0
-534 0
-535 0
-536 0
-538 0
-539 0
549 0
-541 0
-542 0
-543 0
-544 0
-545 0
-546 0
-547 0
-548 0
562 0
-561 0
-563 0
-564 0
-565 0
-566 0
-567 0
-568 0
-569 0
576 0
-571 0
-572 0
-573 0
-574 0
-575 0
-577 0
-578 0
-579 0
623 0
-621 0
-622 0
-624 0
-625 0
-626 0
-627 0
-628 0
-629 0
641 0
-642 0
-643 0
-644 0
-645 0
-646 0
-647 0
-648 0
-649 0
658 0
-651 0
-652 0
-653 0
-654 0
-655 0
-656 0
-657 0
-659 0
684 0
-681 0
-682 0
-683 0
-685 0
-686 0
-687 0
-688 0
-689 0
757 0
-751 0
-752 0
-753 0
-754 0
-755 0
-756 0
-758 0
-759 0
775 0
-771 0
-772 0
-773 0
-774 0
-776 0
-777 0
-778 0
-779 0
783 0
-781 0
-782 0
-784 0
-785 0
-786 0
-787 0
-788 0
-789 0
842 0
-841 0
-843 0
-844 0
-845 0
-846 0
-847 0
-848 0
-849 0
864 0
-861 0
-862 0
-863 0
-865 0
-866 0
-867 0
-868 0
-869 0
878 0
-871 0
-872 0
-873 0
-874 0
-875 0
-876 0
-877 0
-879 0
887 0
-881 0
-882 0
-883 0
-884 0
-885 0
-886 0
-888 0
-889 0
917 0
-911 0
-912 0
-913 0
-914 0
-915 0
-916 0
-918 0
-919 0
922 0
-921 0
-923 0
-924 0
-925 0
-926 0
-927 0
-928 0
-929 0
188 0
-181 0
-182 0
-183 0
-184 0
-185 0
-186 0
-187 0
-189 0
194 0
-191 0
-192 0
-193 0
-195 0
-196 0
-197 0
-198 0
-199 0
228 0
-221 0
-222 0
-223 0
-224 0
-225 0
-226 0
-227 0
-229 0
235 0
-231 0
-232 0
-233 0
-234 0
-236 0
-237 0
-238 0
-239 0
247 0
-241 0
-242 0
-243 0
-244 0
-245 0
-246 0
-248 0
-249 0
263 0
-261 0
-262 0
-264 0
-265 0
-266 0
-267 0
-268 0
-269 0
321 0
-322 0
-323 0
-324 0
-325 0
-326 0
-327 0
-328 0
-329 0
334 0
-331 0
-332 0
-333 0
-335 0
-336 0
-337 0
-338 0
-339 0
352 0
-351 0
-353 0
-354 0
-355 0
-356 0
-357 0
-358 0
-359 0
426 0
-421 0
-422 0
-423 0
-424 0
-425 0
-427 0
-428 0
-429 0
453 0
-451 0
-452 0
-454 0
-455 0
-456 0
-457 0
-458 0
-459 0
467 0
-461 0
-462 0
-463 0
-464 0
-465 0
-466 0
-468 0
-469 0
485 0
-481 0
-482 0
-483 0
-484 0
-486 0
-487 0
-488 0
-489 0
537 0
-531 0
-532 0
-533 0
-534 0
-535 0
-536 0
-538 0
-539 0
549 0
-541 0
-542 0
-543 0
-544 0
-545 0
-546 0
-547 0
-548 0
562 0
-561 0
-563 0
-564 0
-565 0
-566 0
-567 0
-568 0
-569 0
576 0
-571 0
-572 0
-573 0
-574 0
-575 0
-577 0
-578 0
-579 0
623 0
-621 0
-622 0
-624 0
-625 0
-626 0
-627 0
-628 0
-629 0
641 0
-642 0
-643 0
-644 0
-645 0
-646 0
-647 0
-648 0
-649 0
658 0
-651 0
-652 0
-653 0
-654 0
-655 0
-656 0
-657 0
-659 0
684 0
-681 0
-682 0
-683 0
-685 0
-686 0
-687 0
-688 0
-689 0
757 0
-751 0
-752 0
-753 0
-754 0
-755 0
-756 0
-758 0
-759 0
775 0
-771 0
-772 0
-773 0
-774 0
-776 0
-777 0
-778 0
-779 0
783 0
-781 0
-782 0
-784 0
-785 0
-786 0
-787 0
-788 0
-789 0
842 0
-841 0
-843 0
-844 0
-845 0
-846 0
-847 0
-848 0
-849 0
864 0
-861 0
-862 0
-863 0
-865 0
-866 0
-867 0
-868 0
-869 0
878 0
-871 0
-872 0
-873 0
-874 0
-875 0
-876 0
-877 0
-879 0
887 0
-881 0
-882 0
-883 0
-884 0
-885 0
-886 0
-888 0
-889 0
917 0
-911 0
-912 0
-913 0
-914 0
-915 0
-916 0
-918 0
-919 0
922 0
-921 0
-923 0
-924 0
-925 0
-926 0
-927 0
-928 0
-929 0
