125 0
-121 0
-122 0
-123 0
-124 0
-126 0
-127 0
-128 0
-129 0
167 0
-161 0
-162 0
-163 0
-164 0
-165 0
-166 0
-168 0
-169 0
214 0
-211 0
-212 0
-213 0
-215 0
-216 0
-217 0
-218 0
-219 0
229 0
-221 0
-222 0
-223 0
-224 0
-225 0
-226 0
-227 0
-228 0
231 0
-232 0
-233 0
-234 0
-235 0
-236 0
-237 0
-238 0
-239 0
285 0
-281 0
-282 0
-283 0
-284 0
-286 0
-287 0
-288 0
-289 0
297 0
-291 0
-292 0
-293 0
-294 0
-295 0
-296 0
-298 0
-299 0
313 0
-311 0
-312 0
-314 0
-315 0
-316 0
-317 0
-318 0
-319 0
341 0
-342 0
-343 0
-344 0
-345 0
-346 0
-347 0
-348 0
-349 0
378 0
-371 0
-372 0
-373 0
-374 0
-375 0
-376 0
-377 0
-379 0
384 0
-381 0
-382 0
-383 0
-385 0
-386 0
-387 0
-388 0
-389 0
423 0
-421 0
-422 0
-424 0
-425 0
-426 0
-427 0
-428 0
-429 0
442 0
-441 0
-443 0
-444 0
-445 0
-446 0
-447 0
-448 0
-449 0
468 0
-461 0
-462 0
-463 0
-464 0
-465 0
-466 0
-467 0
-469 0
474 0
-471 0
-472 0
-473 0
-475 0
-476 0
-477 0
-478 0
-479 0
636 0
-631 0
-632 0
-633 0
-634 0
-635 0
-637 0
-638 0
-639 0
649 0
-641 0
-642 0
-643 0
-644 0
-645 0
-646 0
-647 0
-648 0
663 0
-661 0
-662 0
-664 0
-665 0
-666 0
-667 0
-668 0
-669 0
682 0
-681 0
-683 0
-684 0
-685 0
-686 0
-687 0
-688 0
-689 0
733 0
-731 0
-732 0
-734 0
-735 0
-736 0
-737 0
-738 0
-739 0
769 0
-761 0
-762 0
-763 0
-764 0
-765 0
-766 0
-767 0
-768 0
795 0
-791 0
-792 0
-793 0
-794 0
-796 0
-797 0
-798 0
-799 0
822 0
-821 0
-823 0
-824 0
-825 0
-826 0
-827 0
-828 0
-829 0
835 0
-831 0
-832 0
-833 0
-834 0
-836 0
-837 0
-838 0
-839 0
873 0
-871 0
-872 0
-874 0
-875 0
-876 0
-877 0
-878 0
-879 0
886 0
-881 0
-882 0
-883 0
-884 0
-885 0
-887 0
-888 0
-889 0
894 0
-891 0
-892 0
-893 0
-895 0
-896 0
-897 0
-898 0
-899 0
921 0
-922 0
-923 0
-924 0
-925 0
-926 0
-927 0
-928 0
-929 0
943 0
-941 0
-942 0
-944 0
-945 0
-946 0
-947 0
-948 0
-949 0
989 0
-981 0
-982 0
-983 0
-984 0
-985 0
-986 0
-987 0
-988 0
