145 0
-141 0
-142 0
-143 0
-144 0
-146 0
-147 0
-148 0
-149 0
156 0
-151 0
-152 0
-153 0
-154 0
-155 0
-157 0
-158 0
-159 0
164 0
-161 0
-162 0
-163 0
-165 0
-166 0
-167 0
-168 0
-169 0
178 0
-171 0
-172 0
-173 0
-174 0
-175 0
-176 0
-177 0
-179 0
191 0
-192 0
-193 0
-194 0
-195 0
-196 0
-197 0
-198 0
-199 0
249 0
-241 0
-242 0
-243 0
-244 0
-245 0
-246 0
-247 0
-248 0
262 0
-261 0
-263 0
-264 0
-265 0
-266 0
-267 0
-268 0
-269 0
353 0
-351 0
-352 0
-354 0
-355 0
-356 0
-357 0
-358 0
-359 0
389 0
-381 0
-382 0
-383 0
-384 0
-385 0
-386 0
-387 0
-388 0
414 0
-411 0
-412 0
-413 0
-415 0
-416 0
-417 0
-418 0
-419 0
425 0
-421 0
-422 0
-423 0
-424 0
-426 0
-427 0
-428 0
-429 0
486 0
-481 0
-482 0
-483 0
-484 0
-485 0
-487 0
-488 0
-489 0
499 0
-491 0
-492 0
-493 0
-494 0
-495 0
-496 0
-497 0
-498 0
518 0
-511 0
-512 0
-513 0
-514 0
-515 0
-516 0
-517 0
-519 0
531 0
-532 0
-533 0
-534 0
-535 0
-536 0
-537 0
-538 0
-539 0
574 0
-571 0
-572 0
-573 0
-575 0
-576 0
-577 0
-578 0
-579 0
597 0
-591 0
-592 0
-593 0
-594 0
-595 0
-596 0
-598 0
-599 0
617 0
-611 0
-612 0
-613 0
-614 0
-615 0
-616 0
-618 0
-619 0
622 0
-621 0
-623 0
-624 0
-625 0
-626 0
-627 0
-628 0
-629 0
688 0
-681 0
-682 0
-683 0
-684 0
-685 0
-686 0
-687 0
-689 0
695 0
-691 0
-692 0
-693 0
-694 0
-696 0
-697 0
-698 0
-699 0
715 0
-711 0
-712 0
-713 0
-714 0
-716 0
-717 0
-718 0
-719 0
758 0
-751 0
-752 0
-753 0
-754 0
-755 0
-756 0
-757 0
-759 0
839 0
-831 0
-832 0
-833 0
-834 0
-835 0
-836 0
-837 0
-838 0
843 0
-841 0
-842 0
-844 0
-845 0
-846 0
-847 0
-848 0
-849 0
865 0
-861 0
-862 0
-863 0
-864 0
-866 0
-867 0
-868 0
-869 0
911 0
-912 0
-913 0
-914 0
-915 0
-916 0
-917 0
-918 0
-919 0
942 0
-941 0
-943 0
-944 0
-945 0
-946 0
-947 0
-948 0
-949 0
954 0
-951 0
-952 0
-953 0
-955 0
-956 0
-957 0
-958 0
-959 0
966 0
-961 0
-962 0
-963 0
-964 0
-965 0
-967 0
-968 0
-969 0
145 0
-141 0
-142 0
-143 0
-144 0
-146 0
-147 0
-148 0
-149 0
156 0
-151 0
-152 0
-153 0
-154 0
-155 0
-157 0
-158 0
-159 0
164 0
-161 0
-162 0
-163 0
-165 0
-166 0
-167 0
-168 0
-169 0
178 0
-171 0
-172 0
-173 0
-174 0
-175 0
-176 0
-177 0
-179 0
191 0
-192 0
-193 0
-194 0
-195 0
-196 0
-197 0
-198 0
-199 0
249 0
-241 0
-242 0
-243 0
-244 0
-245 0
-246 0
-247 0
-248 0
262 0
-261 0
-263 0
-264 0
-265 0
-266 0
-267 0
-268 0
-269 0
353 0
-351 0
-352 0
-354 0
-355 0
-356 0
-357 0
-358 0
-359 0
389 0
-381 0
-382 0
-383 0
-384 0
-385 0
-386 0
-387 0
-388 0
414 0
-411 0
-412 0
-413 0
-415 0
-416 0
-417 0
-418 0
-419 0
425 0
-421 0
-422 0
-423 0
-424 0
-426 0
-427 0
-428 0
-429 0
486 0
-481 0
-482 0
-483 0
-484 0
-485 0
-487 0
-488 0
-489 0
499 0
-491 0
-492 0
-493 0
-494 0
-495 0
-496 0
-497 0
-498 0
518 0
-511 0
-512 0
-513 0
-514 0
-515 0
-516 0
-517 0
-519 0
531 0
-532 0
-533 0
-534 0
-535 0
-536 0
-537 0
-538 0
-539 0
574 0
-571 0
-572 0
-573 0
-575 0
-576 0
-577 0
-578 0
-579 0
597 0
-591 0
-592 0
-593 0
-594 0
-595 0
-596 0
-598 0
-599 0
617 0
-611 0
-612 0
-613 0
-614 0
-615 0
-616 0
-618 0
-619 0
622 0
-621 0
-623 0
-624 0
-625 0
-626 0
-627 0
-628 0
-629 0
688 0
-681 0
-682 0
-683 0
-684 0
-685 0
-686 0
-687 0
-689 0
695 0
-691 0
-692 0
-693 0
-694 0
-696 0
-697 0
-698 0
-699 0
715 0
-711 0
-712 0
-713 0
-714 0
-716 0
-717 0
-718 0
-719 0
758 0
-751 0
-752 0
-753 0
-754 0
-755 0
-756 0
-757 0
-759 0
839 0
-831 0
-832 0
-833 0
-834 0
-835 0
-836 0
-837 0
-838 0
843 0
-841 0
-842 0
-844 0
-845 0
-846 0
-847 0
-848 0
-849 0
865 0
-861 0
-862 0
-863 0
-864 0
-866 0
-867 0
-868 0
-869 0
911 0
-912 0
-913 0
-914 0
-915 0
-916 0
-917 0
-918 0
-919 0
942 0
-941 0
-943 0
-944 0
-945 0
-946 0
-947 0
-948 0
-949 0
954 0
-951 0
-952 0
-953 0
-955 0
-956 0
-957 0
-958 0
-959 0
966 0
-961 0
-962 0
-963 0
-964 0
-965 0
-967 0
-968 0
-969 0
