117 0
-111 0
-112 0
-113 0
-114 0
-115 0
-116 0
-118 0
-119 0
136 0
-131 0
-132 0
-133 0
-134 0
-135 0
-137 0
-138 0
-139 0
141 0
-142 0
-143 0
-144 0
-145 0
-146 0
-147 0
-148 0
-149 0
173 0
-171 0
-172 0
-174 0
-175 0
-176 0
-177 0
-178 0
-179 0
228 0
-221 0
-222 0
-223 0
-224 0
-225 0
-226 0
-227 0
-229 0
281 0
-282 0
-283 0
-284 0
-285 0
-286 0
-287 0
-288 0
-289 0
332 0
-331 0
-333 0
-334 0
-335 0
-336 0
-337 0
-338 0
-339 0
345 0
-341 0
-342 0
-343 0
-344 0
-346 0
-347 0
-348 0
-349 0
386 0
-381 0
-382 0
-383 0
-384 0
-385 0
-387 0
-388 0
-389 0
397 0
-391 0
-392 0
-393 0
-394 0
-395 0
-396 0
-398 0
-399 0
452 0
-451 0
-453 0
-454 0
-455 0
-456 0
-457 0
-458 0
-459 0
476 0
-471 0
-472 0
-473 0
-474 0
-475 0
-477 0
-478 0
-479 0
493 0
-491 0
-492 0
-494 0
-495 0
-496 0
-497 0
-498 0
-499 0
544 0
-541 0
-542 0
-543 0
-545 0
-546 0
-547 0
-548 0
-549 0
566 0
-561 0
-562 0
-563 0
-564 0
-565 0
-567 0
-568 0
-569 0
616 0
-611 0
-612 0
-613 0
-614 0
-615 0
-617 0
-618 0
-619 0
639 0
-631 0
-632 0
-633 0
-634 0
-635 0
-636 0
-637 0
-638 0
651 0
-652 0
-653 0
-654 0
-655 0
-656 0
-657 0
-658 0
-659 0
714 0
-711 0
-712 0
-713 0
-715 0
-716 0
-717 0
-718 0
-719 0
763 0
-761 0
-762 0
-764 0
-765 0
-766 0
-767 0
-768 0
-769 0
779 0
-771 0
-772 0
-773 0
-774 0
-775 0
-776 0
-777 0
-778 0
798 0
-791 0
-792 0
-793 0
-794 0
-795 0
-796 0
-797 0
-799 0
822 0
-821 0
-823 0
-824 0
-825 0
-826 0
-827 0
-828 0
-829 0
837 0
-831 0
-832 0
-833 0
-834 0
-835 0
-836 0
-838 0
-839 0
883 0
-881 0
-882 0
-884 0
-885 0
-886 0
-887 0
-888 0
-889 0
935 0
-931 0
-932 0
-933 0
-934 0
-936 0
-937 0
-938 0
-939 0
964 0
-961 0
-962 0
-963 0
-965 0
-966 0
-967 0
-968 0
-969 0
991 0
-992 0
-993 0
-994 0
-995 0
-996 0
-997 0
-998 0
-999 0
117 0
-111 0
-112 0
-113 0
-114 0
-115 0
-116 0
-118 0
-119 0
136 0
-131 0
-132 0
-133 0
-134 0
-135 0
-137 0
-138 0
-139 0
141 0
-142 0
-143 0
-144 0
-145 0
-146 0
-147 0
-148 0
-149 0
173 0
-171 0
-172 0
-174 0
-175 0
-176 0
-177 0
-178 0
-179 0
228 0
-221 0
-222 0
-223 0
-224 0
-225 0
-226 0
-227 0
-229 0
281 0
-282 0
-283 0
-284 0
-285 0
-286 0
-287 0
-288 0
-289 0
332 0
-331 0
-333 0
-334 0
-335 0
-336 0
-337 0
-338 0
-339 0
345 0
-341 0
-342 0
-343 0
-344 0
-346 0
-347 0
-348 0
-349 0
386 0
-381 0
-382 0
-383 0
-384 0
-385 0
-387 0
-388 0
-389 0
397 0
-391 0
-392 0
-393 0
-394 0
-395 0
-396 0
-398 0
-399 0
452 0
-451 0
-453 0
-454 0
-455 0
-456 0
-457 0
-458 0
-459 0
476 0
-471 0
-472 0
-473 0
-474 0
-475 0
-477 0
-478 0
-479 0
493 0
-491 0
-492 0
-494 0
-495 0
-496 0
-497 0
-498 0
-499 0
544 0
-541 0
-542 0
-543 0
-545 0
-546 0
-547 0
-548 0
-549 0
566 0
-561 0
-562 0
-563 0
-564 0
-565 0
-567 0
-568 0
-569 0
616 0
-611 0
-612 0
-613 0
-614 0
-615 0
-617 0
-618 0
-619 0
639 0
-631 0
-632 0
-633 0
-634 0
-635 0
-636 0
-637 0
-638 0
651 0
-652 0
-653 0
-654 0
-655 0
-656 0
-657 0
-658 0
-659 0
714 0
-711 0
-712 0
-713 0
-715 0
-716 0
-717 0
-718 0
-719 0
763 0
-761 0
-762 0
-764 0
-765 0
-766 0
-767 0
-768 0
-769 0
779 0
-771 0
-772 0
-773 0
-774 0
-775 0
-776 0
-777 0
-778 0
798 0
-791 0
-792 0
-793 0
-794 0
-795 0
-796 0
-797 0
-799 0
822 0
-821 0
-823 0
-824 0
-825 0
-826 0
-827 0
-828 0
-829 0
837 0
-831 0
-832 0
-833 0
-834 0
-835 0
-836 0
-838 0
-839 0
883 0
-881 0
-882 0
-884 0
-885 0
-886 0
-887 0
-888 0
-889 0
935 0
-931 0
-932 0
-933 0
-934 0
-936 0
-937 0
-938 0
-939 0
964 0
-961 0
-962 0
-963 0
-965 0
-966 0
-967 0
-968 0
-969 0
991 0
-992 0
-993 0
-994 0
-995 0
-996 0
-997 0
-998 0
-999 0
