114 0
-111 0
-112 0
-113 0
-115 0
-116 0
-117 0
-118 0
-119 0
135 0
-131 0
-132 0
-133 0
-134 0
-136 0
-137 0
-138 0
-139 0
169 0
-161 0
-162 0
-163 0
-164 0
-165 0
-166 0
-167 0
-168 0
176 0
-171 0
-172 0
-173 0
-174 0
-175 0
-177 0
-178 0
-179 0
229 0
-221 0
-222 0
-223 0
-224 0
-225 0
-226 0
-227 0
-228 0
238 0
-231 0
-232 0
-233 0
-234 0
-235 0
-236 0
-237 0
-239 0
257 0
-251 0
-252 0
-253 0
-254 0
-255 0
-256 0
-258 0
-259 0
312 0
-311 0
-313 0
-314 0
-315 0
-316 0
-317 0
-318 0
-319 0
321 0
-322 0
-323 0
-324 0
-325 0
-326 0
-327 0
-328 0
-329 0
348 0
-341 0
-342 0
-343 0
-344 0
-345 0
-346 0
-347 0
-349 0
375 0
-371 0
-372 0
-373 0
-374 0
-376 0
-377 0
-378 0
-379 0
431 0
-432 0
-433 0
-434 0
-435 0
-436 0
-437 0
-438 0
-439 0
473 0
-471 0
-472 0
-474 0
-475 0
-476 0
-477 0
-478 0
-479 0
518 0
-511 0
-512 0
-513 0
-514 0
-515 0
-516 0
-517 0
-519 0
525 0
-521 0
-522 0
-523 0
-524 0
-526 0
-527 0
-528 0
-529 0
582 0
-581 0
-583 0
-584 0
-585 0
-586 0
-587 0
-588 0
-589 0
596 0
-591 0
-592 0
-593 0
-594 0
-595 0
-597 0
-598 0
-599 0
617 0
-611 0
-612 0
-613 0
-614 0
-615 0
-616 0
-618 0
-619 0
623 0
-621 0
-622 0
-624 0
-625 0
-626 0
-627 0
-628 0
-629 0
681 0
-682 0
-683 0
-684 0
-685 0
-686 0
-687 0
-688 0
-689 0
694 0
-691 0
-692 0
-693 0
-695 0
-696 0
-697 0
-698 0
-699 0
711 0
-712 0
-713 0
-714 0
-715 0
-716 0
-717 0
-718 0
-719 0
737 0
-731 0
-732 0
-733 0
-734 0
-735 0
-736 0
-738 0
-739 0
744 0
-741 0
-742 0
-743 0
-745 0
-746 0
-747 0
-748 0
-749 0
786 0
-781 0
-782 0
-783 0
-784 0
-785 0
-787 0
-788 0
-789 0
795 0
-791 0
-792 0
-793 0
-794 0
-796 0
-797 0
-798 0
-799 0
856 0
-851 0
-852 0
-853 0
-854 0
-855 0
-857 0
-858 0
-859 0
878 0
-871 0
-872 0
-873 0
-874 0
-875 0
-876 0
-877 0
-879 0
883 0
-881 0
-882 0
-884 0
-885 0
-886 0
-887 0
-888 0
-889 0
962 0
-961 0
-963 0
-964 0
-965 0
-966 0
-967 0
-968 0
-969 0
974 0
-971 0
-972 0
-973 0
-975 0
-976 0
-977 0
-978 0
-979 0
991 0
-992 0
-993 0
-994 0
-995 0
-996 0
-997 0
-998 0
-999 0
