135 0
-131 0
-132 0
-133 0
-134 0
-136 0
-137 0
-138 0
-139 0
142 0
-141 0
-143 0
-144 0
-145 0
-146 0
-147 0
-148 0
-149 0
153 0
-151 0
-152 0
-154 0
-155 0
-156 0
-157 0
-158 0
-159 0
199 0
-191 0
-192 0
-193 0
-194 0
-195 0
-196 0
-197 0
-198 0
257 0
-251 0
-252 0
-253 0
-254 0
-255 0
-256 0
-258 0
-259 0
265 0
-261 0
-262 0
-263 0
-264 0
-266 0
-267 0
-268 0
-269 0
337 0
-331 0
-332 0
-333 0
-334 0
-335 0
-336 0
-338 0
-339 0
368 0
-361 0
-362 0
-363 0
-364 0
-365 0
-366 0
-367 0
-369 0
374 0
-371 0
-372 0
-373 0
-375 0
-376 0
-377 0
-378 0
-379 0
428 0
-421 0
-422 0
-423 0
-424 0
-425 0
-426 0
-427 0
-429 0
433 0
-431 0
-432 0
-434 0
-435 0
-436 0
-437 0
-438 0
-439 0
496 0
-491 0
-492 0
-493 0
-494 0
-495 0
-497 0
-498 0
-499 0
517 0
-511 0
-512 0
-513 0
-514 0
-515 0
-516 0
-518 0
-519 0
529 0
-521 0
-522 0
-523 0
-524 0
-525 0
-526 0
-527 0
-528 0
588 0
-581 0
-582 0
-583 0
-584 0
-585 0
-586 0
-587 0
-589 0
594 0
-591 0
-592 0
-593 0
-595 0
-596 0
-597 0
-598 0
-599 0
611 0
-612 0
-613 0
-614 0
-615 0
-616 0
-617 0
-618 0
-619 0
677 0
-671 0
-672 0
-673 0
-674 0
-675 0
-676 0
-678 0
-679 0
683 0
-681 0
-682 0
-684 0
-685 0
-686 0
-687 0
-688 0
-689 0
734 0
-731 0
-732 0
-733 0
-735 0
-736 0
-737 0
-738 0
-739 0
741 0
-742 0
-743 0
-744 0
-745 0
-746 0
-747 0
-748 0
-749 0
778 0
-771 0
-772 0
-773 0
-774 0
-775 0
-776 0
-777 0
-779 0
843 0
-841 0
-842 0
-844 0
-845 0
-846 0
-847 0
-848 0
-849 0
859 0
-851 0
-852 0
-853 0
-854 0
-855 0
-856 0
-857 0
-858 0
913 0
-911 0
-912 0
-914 0
-915 0
-916 0
-917 0
-918 0
-919 0
954 0
-951 0
-952 0
-953 0
-955 0
-956 0
-957 0
-958 0
-959 0
962 0
-961 0
-963 0
-964 0
-965 0
-966 0
-967 0
-968 0
-969 0
975 0
-971 0
-972 0
-973 0
-974 0
-976 0
-977 0
-978 0
-979 0
