155 0
-151 0
-152 0
-153 0
-154 0
-156 0
-157 0
-158 0
-159 0
235 0
-231 0
-232 0
-233 0
-234 0
-236 0
-237 0
-238 0
-239 0
242 0
-241 0
-243 0
-244 0
-245 0
-246 0
-247 0
-248 0
-249 0
268 0
-261 0
-262 0
-263 0
-264 0
-265 0
-266 0
-267 0
-269 0
273 0
-271 0
-272 0
-274 0
-275 0
-276 0
-277 0
-278 0
-279 0
312 0
-311 0
-313 0
-314 0
-315 0
-316 0
-317 0
-318 0
-319 0
346 0
-341 0
-342 0
-343 0
-344 0
-345 0
-347 0
-348 0
-349 0
369 0
-361 0
-362 0
-363 0
-364 0
-365 0
-366 0
-367 0
-368 0
391 0
-392 0
-393 0
-394 0
-395 0
-396 0
-397 0
-398 0
-399 0
427 0
-421 0
-422 0
-423 0
-424 0
-425 0
-426 0
-428 0
-429 0
433 0
-431 0
-432 0
-434 0
-435 0
-436 0
-437 0
-438 0
-439 0
471 0
-472 0
-473 0
-474 0
-475 0
-476 0
-477 0
-478 0
-479 0
489 0
-481 0
-482 0
-483 0
-484 0
-485 0
-486 0
-487 0
-488 0
518 0
-511 0
-512 0
-513 0
-514 0
-515 0
-516 0
-517 0
-519 0
594 0
-591 0
-592 0
-593 0
-595 0
-596 0
-597 0
-598 0
-599 0
625 0
-621 0
-622 0
-623 0
-624 0
-626 0
-627 0
-628 0
-629 0
639 0
-631 0
-632 0
-633 0
-634 0
-635 0
-636 0
-637 0
-638 0
672 0
-671 0
-673 0
-674 0
-675 0
-676 0
-677 0
-678 0
-679 0
683 0
-681 0
-682 0
-684 0
-685 0
-686 0
-687 0
-688 0
-689 0
715 0
-711 0
-712 0
-713 0
-714 0
-716 0
-717 0
-718 0
-719 0
744 0
-741 0
-742 0
-743 0
-745 0
-746 0
-747 0
-748 0
-749 0
761 0
-762 0
-763 0
-764 0
-765 0
-766 0
-767 0
-768 0
-769 0
792 0
-791 0
-793 0
-794 0
-795 0
-796 0
-797 0
-798 0
-799 0
832 0
-831 0
-833 0
-834 0
-835 0
-836 0
-837 0
-838 0
-839 0
843 0
-841 0
-842 0
-844 0
-845 0
-846 0
-847 0
-848 0
-849 0
866 0
-861 0
-862 0
-863 0
-864 0
-865 0
-867 0
-868 0
-869 0
877 0
-871 0
-872 0
-873 0
-874 0
-875 0
-876 0
-878 0
-879 0
958 0
-951 0
-952 0
-953 0
-954 0
-955 0
-956 0
-957 0
-959 0
