126 0
-121 0
-122 0
-123 0
-124 0
-125 0
-127 0
-128 0
-129 0
151 0
-152 0
-153 0
-154 0
-155 0
-156 0
-157 0
-158 0
-159 0
165 0
-161 0
-162 0
-163 0
-164 0
-166 0
-167 0
-168 0
-169 0
225 0
-221 0
-222 0
-223 0
-224 0
-226 0
-227 0
-228 0
-229 0
247 0
-241 0
-242 0
-243 0
-244 0
-245 0
-246 0
-248 0
-249 0
252 0
-251 0
-253 0
-254 0
-255 0
-256 0
-257 0
-258 0
-259 0
288 0
-281 0
-282 0
-283 0
-284 0
-285 0
-286 0
-287 0
-289 0
377 0
-371 0
-372 0
-373 0
-374 0
-375 0
-376 0
-378 0
-379 0
415 0
-411 0
-412 0
-413 0
-414 0
-416 0
-417 0
-418 0
-419 0
533 0
-531 0
-532 0
-534 0
-535 0
-536 0
-537 0
-538 0
-539 0
549 0
-541 0
-542 0
-543 0
-544 0
-545 0
-546 0
-547 0
-548 0
621 0
-622 0
-623 0
-624 0
-625 0
-626 0
-627 0
-628 0
-629 0
658 0
-651 0
-652 0
-653 0
-654 0
-655 0
-656 0
-657 0
-659 0
694 0
-691 0
-692 0
-693 0
-695 0
-696 0
-697 0
-698 0
-699 0
724 0
-721 0
-722 0
-723 0
-725 0
-726 0
-727 0
-728 0
-729 0
759 0
-751 0
-752 0
-753 0
-754 0
-755 0
-756 0
-757 0
-758 0
838 0
-831 0
-832 0
-833 0
-834 0
-835 0
-836 0
-837 0
-839 0
842 0
-841 0
-843 0
-844 0
-845 0
-846 0
-847 0
-848 0
-849 0
863 0
-861 0
-862 0
-864 0
-865 0
-866 0
-867 0
-868 0
-869 0
936 0
-931 0
-932 0
-933 0
-934 0
-935 0
-937 0
-938 0
-939 0
954 0
-951 0
-952 0
-953 0
-955 0
-956 0
-957 0
-958 0
-959 0
973 0
-971 0
-972 0
-974 0
-975 0
-976 0
-977 0
-978 0
-979 0
989 0
-981 0
-982 0
-983 0
-984 0
-985 0
-986 0
-987 0
-988 0
995 0
-991 0
-992 0
-993 0
-994 0
-996 0
-997 0
-998 0
-999 0
