117 0
-111 0
-112 0
-113 0
-114 0
-115 0
-116 0
-118 0
-119 0
185 0
-181 0
-182 0
-183 0
-184 0
-186 0
-187 0
-188 0
-189 0
236 0
-231 0
-232 0
-233 0
-234 0
-235 0
-237 0
-238 0
-239 0
294 0
-291 0
-292 0
-293 0
-295 0
-296 0
-297 0
-298 0
-299 0
328 0
-321 0
-322 0
-323 0
-324 0
-325 0
-326 0
-327 0
-329 0
347 0
-341 0
-342 0
-343 0
-344 0
-345 0
-346 0
-348 0
-349 0
363 0
-361 0
-362 0
-364 0
-365 0
-366 0
-367 0
-368 0
-369 0
386 0
-381 0
-382 0
-383 0
-384 0
-385 0
-387 0
-388 0
-389 0
399 0
-391 0
-392 0
-393 0
-394 0
-395 0
-396 0
-397 0
-398 0
431 0
-432 0
-433 0
-434 0
-435 0
-436 0
-437 0
-438 0
-439 0
457 0
-451 0
-452 0
-453 0
-454 0
-455 0
-456 0
-458 0
-459 0
472 0
-471 0
-473 0
-474 0
-475 0
-476 0
-477 0
-478 0
-479 0
537 0
-531 0
-532 0
-533 0
-534 0
-535 0
-536 0
-538 0
-539 0
545 0
-541 0
-542 0
-543 0
-544 0
-546 0
-547 0
-548 0
-549 0
564 0
-561 0
-562 0
-563 0
-565 0
-566 0
-567 0
-568 0
-569 0
573 0
-571 0
-572 0
-574 0
-575 0
-576 0
-577 0
-578 0
-579 0
656 0
-651 0
-652 0
-653 0
-654 0
-655 0
-657 0
-658 0
-659 0
744 0
-741 0
-742 0
-743 0
-745 0
-746 0
-747 0
-748 0
-749 0
768 0
-761 0
-762 0
-763 0
-764 0
-765 0
-766 0
-767 0
-769 0
782 0
-781 0
-783 0
-784 0
-785 0
-786 0
-787 0
-788 0
-789 0
818 0
-811 0
-812 0
-813 0
-814 0
-815 0
-816 0
-817 0
-819 0
832 0
-831 0
-833 0
-834 0
-835 0
-836 0
-837 0
-838 0
-839 0
874 0
-871 0
-872 0
-873 0
-875 0
-876 0
-877 0
-878 0
-879 0
921 0
-922 0
-923 0
-924 0
-925 0
-926 0
-927 0
-928 0
-929 0
939 0
-931 0
-932 0
-933 0
-934 0
-935 0
-936 0
-937 0
-938 0
997 0
-991 0
-992 0
-993 0
-994 0
-995 0
-996 0
-998 0
-999 0
