131 0
-132 0
-133 0
-134 0
-135 0
-136 0
-137 0
-138 0
-139 0
168 0
-161 0
-162 0
-163 0
-164 0
-165 0
-166 0
-167 0
-169 0
176 0
-171 0
-172 0
-173 0
-174 0
-175 0
-177 0
-178 0
-179 0
187 0
-181 0
-182 0
-183 0
-184 0
-185 0
-186 0
-188 0
-189 0
222 0
-221 0
-223 0
-224 0
-225 0
-226 0
-227 0
-228 0
-229 0
254 0
-251 0
-252 0
-253 0
-255 0
-256 0
-257 0
-258 0
-259 0
299 0
-291 0
-292 0
-293 0
-294 0
-295 0
-296 0
-297 0
-298 0
318 0
-311 0
-312 0
-313 0
-314 0
-315 0
-316 0
-317 0
-319 0
393 0
-391 0
-392 0
-394 0
-395 0
-396 0
-397 0
-398 0
-399 0
419 0
-411 0
-412 0
-413 0
-414 0
-415 0
-416 0
-417 0
-418 0
426 0
-421 0
-422 0
-423 0
-424 0
-425 0
-427 0
-428 0
-429 0
451 0
-452 0
-453 0
-454 0
-455 0
-456 0
-457 0
-458 0
-459 0
495 0
-491 0
-492 0
-493 0
-494 0
-496 0
-497 0
-498 0
-499 0
537 0
-531 0
-532 0
-533 0
-534 0
-535 0
-536 0
-538 0
-539 0
559 0
-551 0
-552 0
-553 0
-554 0
-555 0
-556 0
-557 0
-558 0
653 0
-651 0
-652 0
-654 0
-655 0
-656 0
-657 0
-658 0
-659 0
688 0
-681 0
-682 0
-683 0
-684 0
-685 0
-686 0
-687 0
-689 0
724 0
-721 0
-722 0
-723 0
-725 0
-726 0
-727 0
-728 0
-729 0
757 0
-751 0
-752 0
-753 0
-754 0
-755 0
-756 0
-758 0
-759 0
832 0
-831 0
-833 0
-834 0
-835 0
-836 0
-837 0
-838 0
-839 0
874 0
-871 0
-872 0
-873 0
-875 0
-876 0
-877 0
-878 0
-879 0
881 0
-882 0
-883 0
-884 0
-885 0
-886 0
-887 0
-888 0
-889 0
915 0
-911 0
-912 0
-913 0
-914 0
-916 0
-917 0
-918 0
-919 0
992 0
-991 0
-993 0
-994 0
-995 0
-996 0
-997 0
-998 0
-999 0
131 0
-132 0
-133 0
-134 0
-135 0
-136 0
-137 0
-138 0
-139 0
168 0
-161 0
-162 0
-163 0
-164 0
-165 0
-166 0
-167 0
-169 0
176 0
-171 0
-172 0
-173 0
-174 0
-175 0
-177 0
-178 0
-179 0
187 0
-181 0
-182 0
-183 0
-184 0
-185 0
-186 0
-188 0
-189 0
222 0
-221 0
-223 0
-224 0
-225 0
-226 0
-227 0
-228 0
-229 0
254 0
-251 0
-252 0
-253 0
-255 0
-256 0
-257 0
-258 0
-259 0
299 0
-291 0
-292 0
-293 0
-294 0
-295 0
-296 0
-297 0
-298 0
318 0
-311 0
-312 0
-313 0
-314 0
-315 0
-316 0
-317 0
-319 0
393 0
-391 0
-392 0
-394 0
-395 0
-396 0
-397 0
-398 0
-399 0
419 0
-411 0
-412 0
-413 0
-414 0
-415 0
-416 0
-417 0
-418 0
426 0
-421 0
-422 0
-423 0
-424 0
-425 0
-427 0
-428 0
-429 0
451 0
-452 0
-453 0
-454 0
-455 0
-456 0
-457 0
-458 0
-459 0
495 0
-491 0
-492 0
-493 0
-494 0
-496 0
-497 0
-498 0
-499 0
537 0
-531 0
-532 0
-533 0
-534 0
-535 0
-536 0
-538 0
-539 0
559 0
-551 0
-552 0
-553 0
-554 0
-555 0
-556 0
-557 0
-558 0
653 0
-651 0
-652 0
-654 0
-655 0
-656 0
-657 0
-658 0
-659 0
688 0
-681 0
-682 0
-683 0
-684 0
-685 0
-686 0
-687 0
-689 0
724 0
-721 0
-722 0
-723 0
-725 0
-726 0
-727 0
-728 0
-729 0
757 0
-751 0
-752 0
-753 0
-754 0
-755 0
-756 0
-758 0
-759 0
832 0
-831 0
-833 0
-834 0
-835 0
-836 0
-837 0
-838 0
-839 0
874 0
-871 0
-872 0
-873 0
-875 0
-876 0
-877 0
-878 0
-879 0
881 0
-882 0
-883 0
-884 0
-885 0
-886 0
-887 0
-888 0
-889 0
915 0
-911 0
-912 0
-913 0
-914 0
-916 0
-917 0
-918 0
-919 0
992 0
-991 0
-993 0
-994 0
-995 0
-996 0
-997 0
-998 0
-999 0
