111 0
-112 0
-113 0
-114 0
-115 0
-116 0
-117 0
-118 0
-119 0
122 0
-121 0
-123 0
-124 0
-125 0
-126 0
-127 0
-128 0
-129 0
143 0
-141 0
-142 0
-144 0
-145 0
-146 0
-147 0
-148 0
-149 0
165 0
-161 0
-162 0
-163 0
-164 0
-166 0
-167 0
-168 0
-169 0
189 0
-181 0
-182 0
-183 0
-184 0
-185 0
-186 0
-187 0
-188 0
194 0
-191 0
-192 0
-193 0
-195 0
-196 0
-197 0
-198 0
-199 0
214 0
-211 0
-212 0
-213 0
-215 0
-216 0
-217 0
-218 0
-219 0
246 0
-241 0
-242 0
-243 0
-244 0
-245 0
-247 0
-248 0
-249 0
262 0
-261 0
-263 0
-264 0
-265 0
-266 0
-267 0
-268 0
-269 0
298 0
-291 0
-292 0
-293 0
-294 0
-295 0
-296 0
-297 0
-299 0
351 0
-352 0
-353 0
-354 0
-355 0
-356 0
-357 0
-358 0
-359 0
419 0
-411 0
-412 0
-413 0
-414 0
-415 0
-416 0
-417 0
-418 0
421 0
-422 0
-423 0
-424 0
-425 0
-426 0
-427 0
-428 0
-429 0
447 0
-441 0
-442 0
-443 0
-444 0
-445 0
-446 0
-448 0
-449 0
484 0
-481 0
-482 0
-483 0
-485 0
-486 0
-487 0
-488 0
-489 0
495 0
-491 0
-492 0
-493 0
-494 0
-496 0
-497 0
-498 0
-499 0
533 0
-531 0
-532 0
-534 0
-535 0
-536 0
-537 0
-538 0
-539 0
579 0
-571 0
-572 0
-573 0
-574 0
-575 0
-576 0
-577 0
-578 0
612 0
-611 0
-613 0
-614 0
-615 0
-616 0
-617 0
-618 0
-619 0
627 0
-621 0
-622 0
-623 0
-624 0
-625 0
-626 0
-628 0
-629 0
668 0
-661 0
-662 0
-663 0
-664 0
-665 0
-666 0
-667 0
-669 0
686 0
-681 0
-682 0
-683 0
-684 0
-685 0
-687 0
-688 0
-689 0
693 0
-691 0
-692 0
-694 0
-695 0
-696 0
-697 0
-698 0
-699 0
753 0
-751 0
-752 0
-754 0
-755 0
-756 0
-757 0
-758 0
-759 0
813 0
-811 0
-812 0
-814 0
-815 0
-816 0
-817 0
-818 0
-819 0
845 0
-841 0
-842 0
-843 0
-844 0
-846 0
-847 0
-848 0
-849 0
867 0
-861 0
-862 0
-863 0
-864 0
-865 0
-866 0
-868 0
-869 0
899 0
-891 0
-892 0
-893 0
-894 0
-895 0
-896 0
-897 0
-898 0
916 0
-911 0
-912 0
-913 0
-914 0
-915 0
-917 0
-918 0
-919 0
925 0
-921 0
-922 0
-923 0
-924 0
-926 0
-927 0
-928 0
-929 0
948 0
-941 0
-942 0
-943 0
-944 0
-945 0
-946 0
-947 0
-949 0
964 0
-961 0
-962 0
-963 0
-965 0
-966 0
-967 0
-968 0
-969 0
987 0
-981 0
-982 0
-983 0
-984 0
-985 0
-986 0
-988 0
-989 0
991 0
-992 0
-993 0
-994 0
-995 0
-996 0
-997 0
-998 0
-999 0
