112 0
-111 0
-113 0
-114 0
-115 0
-116 0
-117 0
-118 0
-119 0
147 0
-141 0
-142 0
-143 0
-144 0
-145 0
-146 0
-148 0
-149 0
153 0
-151 0
-152 0
-154 0
-155 0
-156 0
-157 0
-158 0
-159 0
237 0
-231 0
-232 0
-233 0
-234 0
-235 0
-236 0
-238 0
-239 0
285 0
-281 0
-282 0
-283 0
-284 0
-286 0
-287 0
-288 0
-289 0
294 0
-291 0
-292 0
-293 0
-295 0
-296 0
-297 0
-298 0
-299 0
324 0
-321 0
-322 0
-323 0
-325 0
-326 0
-327 0
-328 0
-329 0
346 0
-341 0
-342 0
-343 0
-344 0
-345 0
-347 0
-348 0
-349 0
358 0
-351 0
-352 0
-353 0
-354 0
-355 0
-356 0
-357 0
-359 0
418 0
-411 0
-412 0
-413 0
-414 0
-415 0
-416 0
-417 0
-419 0
455 0
-451 0
-452 0
-453 0
-454 0
-456 0
-457 0
-458 0
-459 0
491 0
-492 0
-493 0
-494 0
-495 0
-496 0
-497 0
-498 0
-499 0
519 0
-511 0
-512 0
-513 0
-514 0
-515 0
-516 0
-517 0
-518 0
597 0
-591 0
-592 0
-593 0
-594 0
-595 0
-596 0
-598 0
-599 0
615 0
-611 0
-612 0
-613 0
-614 0
-616 0
-617 0
-618 0
-619 0
636 0
-631 0
-632 0
-633 0
-634 0
-635 0
-637 0
-638 0
-639 0
641 0
-642 0
-643 0
-644 0
-645 0
-646 0
-647 0
-648 0
-649 0
688 0
-681 0
-682 0
-683 0
-684 0
-685 0
-686 0
-687 0
-689 0
699 0
-691 0
-692 0
-693 0
-694 0
-695 0
-696 0
-697 0
-698 0
743 0
-741 0
-742 0
-744 0
-745 0
-746 0
-747 0
-748 0
-749 0
768 0
-761 0
-762 0
-763 0
-764 0
-765 0
-766 0
-767 0
-769 0
854 0
-851 0
-852 0
-853 0
-855 0
-856 0
-857 0
-858 0
-859 0
862 0
-861 0
-863 0
-864 0
-865 0
-866 0
-867 0
-868 0
-869 0
871 0
-872 0
-873 0
-874 0
-875 0
-876 0
-877 0
-878 0
-879 0
996 0
-991 0
-992 0
-993 0
-994 0
-995 0
-997 0
-998 0
-999 0
112 0
-111 0
-113 0
-114 0
-115 0
-116 0
-117 0
-118 0
-119 0
147 0
-141 0
-142 0
-143 0
-144 0
-145 0
-146 0
-148 0
-149 0
153 0
-151 0
-152 0
-154 0
-155 0
-156 0
-157 0
-158 0
-159 0
237 0
-231 0
-232 0
-233 0
-234 0
-235 0
-236 0
-238 0
-239 0
285 0
-281 0
-282 0
-283 0
-284 0
-286 0
-287 0
-288 0
-289 0
294 0
-291 0
-292 0
-293 0
-295 0
-296 0
-297 0
-298 0
-299 0
324 0
-321 0
-322 0
-323 0
-325 0
-326 0
-327 0
-328 0
-329 0
346 0
-341 0
-342 0
-343 0
-344 0
-345 0
-347 0
-348 0
-349 0
358 0
-351 0
-352 0
-353 0
-354 0
-355 0
-356 0
-357 0
-359 0
418 0
-411 0
-412 0
-413 0
-414 0
-415 0
-416 0
-417 0
-419 0
455 0
-451 0
-452 0
-453 0
-454 0
-456 0
-457 0
-458 0
-459 0
491 0
-492 0
-493 0
-494 0
-495 0
-496 0
-497 0
-498 0
-499 0
519 0
-511 0
-512 0
-513 0
-514 0
-515 0
-516 0
-517 0
-518 0
597 0
-591 0
-592 0
-593 0
-594 0
-595 0
-596 0
-598 0
-599 0
615 0
-611 0
-612 0
-613 0
-614 0
-616 0
-617 0
-618 0
-619 0
636 0
-631 0
-632 0
-633 0
-634 0
-635 0
-637 0
-638 0
-639 0
641 0
-642 0
-643 0
-644 0
-645 0
-646 0
-647 0
-648 0
-649 0
688 0
-681 0
-682 0
-683 0
-684 0
-685 0
-686 0
-687 0
-689 0
699 0
-691 0
-692 0
-693 0
-694 0
-695 0
-696 0
-697 0
-698 0
743 0
-741 0
-742 0
-744 0
-745 0
-746 0
-747 0
-748 0
-749 0
768 0
-761 0
-762 0
-763 0
-764 0
-765 0
-766 0
-767 0
-769 0
854 0
-851 0
-852 0
-853 0
-855 0
-856 0
-857 0
-858 0
-859 0
862 0
-861 0
-863 0
-864 0
-865 0
-866 0
-867 0
-868 0
-869 0
871 0
-872 0
-873 0
-874 0
-875 0
-876 0
-877 0
-878 0
-879 0
996 0
-991 0
-992 0
-993 0
-994 0
-995 0
-997 0
-998 0
-999 0
