133 0
-131 0
-132 0
-134 0
-135 0
-136 0
-137 0
-138 0
-139 0
175 0
-171 0
-172 0
-173 0
-174 0
-176 0
-177 0
-178 0
-179 0
197 0
-191 0
-192 0
-193 0
-194 0
-195 0
-196 0
-198 0
-199 0
238 0
-231 0
-232 0
-233 0
-234 0
-235 0
-236 0
-237 0
-239 0
251 0
-252 0
-253 0
-254 0
-255 0
-256 0
-257 0
-258 0
-259 0
293 0
-291 0
-292 0
-294 0
-295 0
-296 0
-297 0
-298 0
-299 0
355 0
-351 0
-352 0
-353 0
-354 0
-356 0
-357 0
-358 0
-359 0
384 0
-381 0
-382 0
-383 0
-385 0
-386 0
-387 0
-388 0
-389 0
416 0
-411 0
-412 0
-413 0
-414 0
-415 0
-417 0
-418 0
-419 0
452 0
-451 0
-453 0
-454 0
-455 0
-456 0
-457 0
-458 0
-459 0
469 0
-461 0
-462 0
-463 0
-464 0
-465 0
-466 0
-467 0
-468 0
513 0
-511 0
-512 0
-514 0
-515 0
-516 0
-517 0
-518 0
-519 0
596 0
-591 0
-592 0
-593 0
-594 0
-595 0
-597 0
-598 0
-599 0
647 0
-641 0
-642 0
-643 0
-644 0
-645 0
-646 0
-648 0
-649 0
654 0
-651 0
-652 0
-653 0
-655 0
-656 0
-657 0
-658 0
-659 0
682 0
-681 0
-683 0
-684 0
-685 0
-686 0
-687 0
-688 0
-689 0
731 0
-732 0
-733 0
-734 0
-735 0
-736 0
-737 0
-738 0
-739 0
788 0
-781 0
-782 0
-783 0
-784 0
-785 0
-786 0
-787 0
-789 0
792 0
-791 0
-793 0
-794 0
-795 0
-796 0
-797 0
-798 0
-799 0
829 0
-821 0
-822 0
-823 0
-824 0
-825 0
-826 0
-827 0
-828 0
868 0
-861 0
-862 0
-863 0
-864 0
-865 0
-866 0
-867 0
-869 0
928 0
-921 0
-922 0
-923 0
-924 0
-925 0
-926 0
-927 0
-929 0
987 0
-981 0
-982 0
-983 0
-984 0
-985 0
-986 0
-988 0
-989 0
133 0
-131 0
-132 0
-134 0
-135 0
-136 0
-137 0
-138 0
-139 0
175 0
-171 0
-172 0
-173 0
-174 0
-176 0
-177 0
-178 0
-179 0
197 0
-191 0
-192 0
-193 0
-194 0
-195 0
-196 0
-198 0
-199 0
238 0
-231 0
-232 0
-233 0
-234 0
-235 0
-236 0
-237 0
-239 0
251 0
-252 0
-253 0
-254 0
-255 0
-256 0
-257 0
-258 0
-259 0
293 0
-291 0
-292 0
-294 0
-295 0
-296 0
-297 0
-298 0
-299 0
355 0
-351 0
-352 0
-353 0
-354 0
-356 0
-357 0
-358 0
-359 0
384 0
-381 0
-382 0
-383 0
-385 0
-386 0
-387 0
-388 0
-389 0
416 0
-411 0
-412 0
-413 0
-414 0
-415 0
-417 0
-418 0
-419 0
452 0
-451 0
-453 0
-454 0
-455 0
-456 0
-457 0
-458 0
-459 0
469 0
-461 0
-462 0
-463 0
-464 0
-465 0
-466 0
-467 0
-468 0
513 0
-511 0
-512 0
-514 0
-515 0
-516 0
-517 0
-518 0
-519 0
596 0
-591 0
-592 0
-593 0
-594 0
-595 0
-597 0
-598 0
-599 0
647 0
-641 0
-642 0
-643 0
-644 0
-645 0
-646 0
-648 0
-649 0
654 0
-651 0
-652 0
-653 0
-655 0
-656 0
-657 0
-658 0
-659 0
682 0
-681 0
-683 0
-684 0
-685 0
-686 0
-687 0
-688 0
-689 0
731 0
-732 0
-733 0
-734 0
-735 0
-736 0
-737 0
-738 0
-739 0
788 0
-781 0
-782 0
-783 0
-784 0
-785 0
-786 0
-787 0
-789 0
792 0
-791 0
-793 0
-794 0
-795 0
-796 0
-797 0
-798 0
-799 0
829 0
-821 0
-822 0
-823 0
-824 0
-825 0
-826 0
-827 0
-828 0
868 0
-861 0
-862 0
-863 0
-864 0
-865 0
-866 0
-867 0
-869 0
928 0
-921 0
-922 0
-923 0
-924 0
-925 0
-926 0
-927 0
-929 0
987 0
-981 0
-982 0
-983 0
-984 0
-985 0
-986 0
-988 0
-989 0
