135 0
-131 0
-132 0
-133 0
-134 0
-136 0
-137 0
-138 0
-139 0
142 0
-141 0
-143 0
-144 0
-145 0
-146 0
-147 0
-148 0
-149 0
164 0
-161 0
-162 0
-163 0
-165 0
-166 0
-167 0
-168 0
-169 0
177 0
-171 0
-172 0
-173 0
-174 0
-175 0
-176 0
-178 0
-179 0
258 0
-251 0
-252 0
-253 0
-254 0
-255 0
-256 0
-257 0
-259 0
336 0
-331 0
-332 0
-333 0
-334 0
-335 0
-337 0
-338 0
-339 0
345 0
-341 0
-342 0
-343 0
-344 0
-346 0
-347 0
-348 0
-349 0
367 0
-361 0
-362 0
-363 0
-364 0
-365 0
-366 0
-368 0
-369 0
379 0
-371 0
-372 0
-373 0
-374 0
-375 0
-376 0
-377 0
-378 0
416 0
-411 0
-412 0
-413 0
-414 0
-415 0
-417 0
-418 0
-419 0
433 0
-431 0
-432 0
-434 0
-435 0
-436 0
-437 0
-438 0
-439 0
448 0
-441 0
-442 0
-443 0
-444 0
-445 0
-446 0
-447 0
-449 0
472 0
-471 0
-473 0
-474 0
-475 0
-476 0
-477 0
-478 0
-479 0
494 0
-491 0
-492 0
-493 0
-495 0
-496 0
-497 0
-498 0
-499 0
525 0
-521 0
-522 0
-523 0
-524 0
-526 0
-527 0
-528 0
-529 0
557 0
-551 0
-552 0
-553 0
-554 0
-555 0
-556 0
-558 0
-559 0
589 0
-581 0
-582 0
-583 0
-584 0
-585 0
-586 0
-587 0
-588 0
617 0
-611 0
-612 0
-613 0
-614 0
-615 0
-616 0
-618 0
-619 0
631 0
-632 0
-633 0
-634 0
-635 0
-636 0
-637 0
-638 0
-639 0
669 0
-661 0
-662 0
-663 0
-664 0
-665 0
-666 0
-667 0
-668 0
678 0
-671 0
-672 0
-673 0
-674 0
-675 0
-676 0
-677 0
-679 0
695 0
-691 0
-692 0
-693 0
-694 0
-696 0
-697 0
-698 0
-699 0
732 0
-731 0
-733 0
-734 0
-735 0
-736 0
-737 0
-738 0
-739 0
749 0
-741 0
-742 0
-743 0
-744 0
-745 0
-746 0
-747 0
-748 0
761 0
-762 0
-763 0
-764 0
-765 0
-766 0
-767 0
-768 0
-769 0
774 0
-771 0
-772 0
-773 0
-775 0
-776 0
-777 0
-778 0
-779 0
855 0
-851 0
-852 0
-853 0
-854 0
-856 0
-857 0
-858 0
-859 0
939 0
-931 0
-932 0
-933 0
-934 0
-935 0
-936 0
-937 0
-938 0
947 0
-941 0
-942 0
-943 0
-944 0
-945 0
-946 0
-948 0
-949 0
968 0
-961 0
-962 0
-963 0
-964 0
-965 0
-966 0
-967 0
-969 0
971 0
-972 0
-973 0
-974 0
-975 0
-976 0
-977 0
-978 0
-979 0
