114 0
-111 0
-112 0
-113 0
-115 0
-116 0
-117 0
-118 0
-119 0
167 0
-161 0
-162 0
-163 0
-164 0
-165 0
-166 0
-168 0
-169 0
179 0
-171 0
-172 0
-173 0
-174 0
-175 0
-176 0
-177 0
-178 0
183 0
-181 0
-182 0
-184 0
-185 0
-186 0
-187 0
-188 0
-189 0
297 0
-291 0
-292 0
-293 0
-294 0
-295 0
-296 0
-298 0
-299 0
343 0
-341 0
-342 0
-344 0
-345 0
-346 0
-347 0
-348 0
-349 0
371 0
-372 0
-373 0
-374 0
-375 0
-376 0
-377 0
-378 0
-379 0
388 0
-381 0
-382 0
-383 0
-384 0
-385 0
-386 0
-387 0
-389 0
396 0
-391 0
-392 0
-393 0
-394 0
-395 0
-397 0
-398 0
-399 0
419 0
-411 0
-412 0
-413 0
-414 0
-415 0
-416 0
-417 0
-418 0
431 0
-432 0
-433 0
-434 0
-435 0
-436 0
-437 0
-438 0
-439 0
463 0
-461 0
-462 0
-464 0
-465 0
-466 0
-467 0
-468 0
-469 0
476 0
-471 0
-472 0
-473 0
-474 0
-475 0
-477 0
-478 0
-479 0
495 0
-491 0
-492 0
-493 0
-494 0
-496 0
-497 0
-498 0
-499 0
528 0
-521 0
-522 0
-523 0
-524 0
-525 0
-526 0
-527 0
-529 0
581 0
-582 0
-583 0
-584 0
-585 0
-586 0
-587 0
-588 0
-589 0
623 0
-621 0
-622 0
-624 0
-625 0
-626 0
-627 0
-628 0
-629 0
645 0
-641 0
-642 0
-643 0
-644 0
-646 0
-647 0
-648 0
-649 0
682 0
-681 0
-683 0
-684 0
-685 0
-686 0
-687 0
-688 0
-689 0
711 0
-712 0
-713 0
-714 0
-715 0
-716 0
-717 0
-718 0
-719 0
732 0
-731 0
-733 0
-734 0
-735 0
-736 0
-737 0
-738 0
-739 0
748 0
-741 0
-742 0
-743 0
-744 0
-745 0
-746 0
-747 0
-749 0
818 0
-811 0
-812 0
-813 0
-814 0
-815 0
-816 0
-817 0
-819 0
839 0
-831 0
-832 0
-833 0
-834 0
-835 0
-836 0
-837 0
-838 0
925 0
-921 0
-922 0
-923 0
-924 0
-926 0
-927 0
-928 0
-929 0
933 0
-931 0
-932 0
-934 0
-935 0
-936 0
-937 0
-938 0
-939 0
969 0
-961 0
-962 0
-963 0
-964 0
-965 0
-966 0
-967 0
-968 0
991 0
-992 0
-993 0
-994 0
-995 0
-996 0
-997 0
-998 0
-999 0
114 0
-111 0
-112 0
-113 0
-115 0
-116 0
-117 0
-118 0
-119 0
167 0
-161 0
-162 0
-163 0
-164 0
-165 0
-166 0
-168 0
-169 0
179 0
-171 0
-172 0
-173 0
-174 0
-175 0
-176 0
-177 0
-178 0
183 0
-181 0
-182 0
-184 0
-185 0
-186 0
-187 0
-188 0
-189 0
297 0
-291 0
-292 0
-293 0
-294 0
-295 0
-296 0
-298 0
-299 0
343 0
-341 0
-342 0
-344 0
-345 0
-346 0
-347 0
-348 0
-349 0
371 0
-372 0
-373 0
-374 0
-375 0
-376 0
-377 0
-378 0
-379 0
388 0
-381 0
-382 0
-383 0
-384 0
-385 0
-386 0
-387 0
-389 0
396 0
-391 0
-392 0
-393 0
-394 0
-395 0
-397 0
-398 0
-399 0
419 0
-411 0
-412 0
-413 0
-414 0
-415 0
-416 0
-417 0
-418 0
431 0
-432 0
-433 0
-434 0
-435 0
-436 0
-437 0
-438 0
-439 0
463 0
-461 0
-462 0
-464 0
-465 0
-466 0
-467 0
-468 0
-469 0
476 0
-471 0
-472 0
-473 0
-474 0
-475 0
-477 0
-478 0
-479 0
495 0
-491 0
-492 0
-493 0
-494 0
-496 0
-497 0
-498 0
-499 0
528 0
-521 0
-522 0
-523 0
-524 0
-525 0
-526 0
-527 0
-529 0
581 0
-582 0
-583 0
-584 0
-585 0
-586 0
-587 0
-588 0
-589 0
623 0
-621 0
-622 0
-624 0
-625 0
-626 0
-627 0
-628 0
-629 0
645 0
-641 0
-642 0
-643 0
-644 0
-646 0
-647 0
-648 0
-649 0
682 0
-681 0
-683 0
-684 0
-685 0
-686 0
-687 0
-688 0
-689 0
711 0
-712 0
-713 0
-714 0
-715 0
-716 0
-717 0
-718 0
-719 0
732 0
-731 0
-733 0
-734 0
-735 0
-736 0
-737 0
-738 0
-739 0
748 0
-741 0
-742 0
-743 0
-744 0
-745 0
-746 0
-747 0
-749 0
818 0
-811 0
-812 0
-813 0
-814 0
-815 0
-816 0
-817 0
-819 0
839 0
-831 0
-832 0
-833 0
-834 0
-835 0
-836 0
-837 0
-838 0
925 0
-921 0
-922 0
-923 0
-924 0
-926 0
-927 0
-928 0
-929 0
933 0
-931 0
-932 0
-934 0
-935 0
-936 0
-937 0
-938 0
-939 0
969 0
-961 0
-962 0
-963 0
-964 0
-965 0
-966 0
-967 0
-968 0
991 0
-992 0
-993 0
-994 0
-995 0
-996 0
-997 0
-998 0
-999 0
