136 0
-131 0
-132 0
-133 0
-134 0
-135 0
-137 0
-138 0
-139 0
159 0
-151 0
-152 0
-153 0
-154 0
-155 0
-156 0
-157 0
-158 0
191 0
-192 0
-193 0
-194 0
-195 0
-196 0
-197 0
-198 0
-199 0
215 0
-211 0
-212 0
-213 0
-214 0
-216 0
-217 0
-218 0
-219 0
223 0
-221 0
-222 0
-224 0
-225 0
-226 0
-227 0
-228 0
-229 0
266 0
-261 0
-262 0
-263 0
-264 0
-265 0
-267 0
-268 0
-269 0
288 0
-281 0
-282 0
-283 0
-284 0
-285 0
-286 0
-287 0
-289 0
358 0
-351 0
-352 0
-353 0
-354 0
-355 0
-356 0
-357 0
-359 0
364 0
-361 0
-362 0
-363 0
-365 0
-366 0
-367 0
-368 0
-369 0
425 0
-421 0
-422 0
-423 0
-424 0
-426 0
-427 0
-428 0
-429 0
437 0
-431 0
-432 0
-433 0
-434 0
-435 0
-436 0
-438 0
-439 0
511 0
-512 0
-513 0
-514 0
-515 0
-516 0
-517 0
-518 0
-519 0
534 0
-531 0
-532 0
-533 0
-535 0
-536 0
-537 0
-538 0
-539 0
573 0
-571 0
-572 0
-574 0
-575 0
-576 0
-577 0
-578 0
-579 0
596 0
-591 0
-592 0
-593 0
-594 0
-595 0
-597 0
-598 0
-599 0
674 0
-671 0
-672 0
-673 0
-675 0
-676 0
-677 0
-678 0
-679 0
681 0
-682 0
-683 0
-684 0
-685 0
-686 0
-687 0
-688 0
-689 0
744 0
-741 0
-742 0
-743 0
-745 0
-746 0
-747 0
-748 0
-749 0
757 0
-751 0
-752 0
-753 0
-754 0
-755 0
-756 0
-758 0
-759 0
824 0
-821 0
-822 0
-823 0
-825 0
-826 0
-827 0
-828 0
-829 0
843 0
-841 0
-842 0
-844 0
-845 0
-846 0
-847 0
-848 0
-849 0
885 0
-881 0
-882 0
-883 0
-884 0
-886 0
-887 0
-888 0
-889 0
898 0
-891 0
-892 0
-893 0
-894 0
-895 0
-896 0
-897 0
-899 0
918 0
-911 0
-912 0
-913 0
-914 0
-915 0
-916 0
-917 0
-919 0
956 0
-951 0
-952 0
-953 0
-954 0
-955 0
-957 0
-958 0
-959 0
972 0
-971 0
-973 0
-974 0
-975 0
-976 0
-977 0
-978 0
-979 0
