166 0
-161 0
-162 0
-163 0
-164 0
-165 0
-167 0
-168 0
-169 0
181 0
-182 0
-183 0
-184 0
-185 0
-186 0
-187 0
-188 0
-189 0
192 0
-191 0
-193 0
-194 0
-195 0
-196 0
-197 0
-198 0
-199 0
245 0
-241 0
-242 0
-243 0
-244 0
-246 0
-247 0
-248 0
-249 0
278 0
-271 0
-272 0
-273 0
-274 0
-275 0
-276 0
-277 0
-279 0
314 0
-311 0
-312 0
-313 0
-315 0
-316 0
-317 0
-318 0
-319 0
363 0
-361 0
-362 0
-364 0
-365 0
-366 0
-367 0
-368 0
-369 0
377 0
-371 0
-372 0
-373 0
-374 0
-375 0
-376 0
-378 0
-379 0
411 0
-412 0
-413 0
-414 0
-415 0
-416 0
-417 0
-418 0
-419 0
425 0
-421 0
-422 0
-423 0
-424 0
-426 0
-427 0
-428 0
-429 0
432 0
-431 0
-433 0
-434 0
-435 0
-436 0
-437 0
-438 0
-439 0
454 0
-451 0
-452 0
-453 0
-455 0
-456 0
-457 0
-458 0
-459 0
538 0
-531 0
-532 0
-533 0
-534 0
-535 0
-536 0
-537 0
-539 0
546 0
-541 0
-542 0
-543 0
-544 0
-545 0
-547 0
-548 0
-549 0
594 0
-591 0
-592 0
-593 0
-595 0
-596 0
-597 0
-598 0
-599 0
668 0
-661 0
-662 0
-663 0
-664 0
-665 0
-666 0
-667 0
-669 0
739 0
-731 0
-732 0
-733 0
-734 0
-735 0
-736 0
-737 0
-738 0
744 0
-741 0
-742 0
-743 0
-745 0
-746 0
-747 0
-748 0
-749 0
752 0
-751 0
-753 0
-754 0
-755 0
-756 0
-757 0
-758 0
-759 0
815 0
-811 0
-812 0
-813 0
-814 0
-816 0
-817 0
-818 0
-819 0
847 0
-841 0
-842 0
-843 0
-844 0
-845 0
-846 0
-848 0
-849 0
883 0
-881 0
-882 0
-884 0
-885 0
-886 0
-887 0
-888 0
-889 0
927 0
-921 0
-922 0
-923 0
-924 0
-925 0
-926 0
-928 0
-929 0
