119 0
-111 0
-112 0
-113 0
-114 0
-115 0
-116 0
-117 0
-118 0
138 0
-131 0
-132 0
-133 0
-134 0
-135 0
-136 0
-137 0
-139 0
165 0
-161 0
-162 0
-163 0
-164 0
-166 0
-167 0
-168 0
-169 0
171 0
-172 0
-173 0
-174 0
-175 0
-176 0
-177 0
-178 0
-179 0
194 0
-191 0
-192 0
-193 0
-195 0
-196 0
-197 0
-198 0
-199 0
222 0
-221 0
-223 0
-224 0
-225 0
-226 0
-227 0
-228 0
-229 0
251 0
-252 0
-253 0
-254 0
-255 0
-256 0
-257 0
-258 0
-259 0
287 0
-281 0
-282 0
-283 0
-284 0
-285 0
-286 0
-288 0
-289 0
333 0
-331 0
-332 0
-334 0
-335 0
-336 0
-337 0
-338 0
-339 0
364 0
-361 0
-362 0
-363 0
-365 0
-366 0
-367 0
-368 0
-369 0
375 0
-371 0
-372 0
-373 0
-374 0
-376 0
-377 0
-378 0
-379 0
414 0
-411 0
-412 0
-413 0
-415 0
-416 0
-417 0
-418 0
-419 0
436 0
-431 0
-432 0
-433 0
-434 0
-435 0
-437 0
-438 0
-439 0
521 0
-522 0
-523 0
-524 0
-525 0
-526 0
-527 0
-528 0
-529 0
586 0
-581 0
-582 0
-583 0
-584 0
-585 0
-587 0
-588 0
-589 0
672 0
-671 0
-673 0
-674 0
-675 0
-676 0
-677 0
-678 0
-679 0
698 0
-691 0
-692 0
-693 0
-694 0
-695 0
-696 0
-697 0
-699 0
737 0
-731 0
-732 0
-733 0
-734 0
-735 0
-736 0
-738 0
-739 0
742 0
-741 0
-743 0
-744 0
-745 0
-746 0
-747 0
-748 0
-749 0
776 0
-771 0
-772 0
-773 0
-774 0
-775 0
-777 0
-778 0
-779 0
824 0
-821 0
-822 0
-823 0
-825 0
-826 0
-827 0
-828 0
-829 0
857 0
-851 0
-852 0
-853 0
-854 0
-855 0
-856 0
-858 0
-859 0
883 0
-881 0
-882 0
-884 0
-885 0
-886 0
-887 0
-888 0
-889 0
912 0
-911 0
-913 0
-914 0
-915 0
-916 0
-917 0
-918 0
-919 0
939 0
-931 0
-932 0
-933 0
-934 0
-935 0
-936 0
-937 0
-938 0
948 0
-941 0
-942 0
-943 0
-944 0
-945 0
-946 0
-947 0
-949 0
977 0
-971 0
-972 0
-973 0
-974 0
-975 0
-976 0
-978 0
-979 0
991 0
-992 0
-993 0
-994 0
-995 0
-996 0
-997 0
-998 0
-999 0
