159 0
-151 0
-152 0
-153 0
-154 0
-155 0
-156 0
-157 0
-158 0
168 0
-161 0
-162 0
-163 0
-164 0
-165 0
-166 0
-167 0
-169 0
212 0
-211 0
-213 0
-214 0
-215 0
-216 0
-217 0
-218 0
-219 0
257 0
-251 0
-252 0
-253 0
-254 0
-255 0
-256 0
-258 0
-259 0
264 0
-261 0
-262 0
-263 0
-265 0
-266 0
-267 0
-268 0
-269 0
327 0
-321 0
-322 0
-323 0
-324 0
-325 0
-326 0
-328 0
-329 0
342 0
-341 0
-343 0
-344 0
-345 0
-346 0
-347 0
-348 0
-349 0
374 0
-371 0
-372 0
-373 0
-375 0
-376 0
-377 0
-378 0
-379 0
388 0
-381 0
-382 0
-383 0
-384 0
-385 0
-386 0
-387 0
-389 0
419 0
-411 0
-412 0
-413 0
-414 0
-415 0
-416 0
-417 0
-418 0
426 0
-421 0
-422 0
-423 0
-424 0
-425 0
-427 0
-428 0
-429 0
477 0
-471 0
-472 0
-473 0
-474 0
-475 0
-476 0
-478 0
-479 0
517 0
-511 0
-512 0
-513 0
-514 0
-515 0
-516 0
-518 0
-519 0
528 0
-521 0
-522 0
-523 0
-524 0
-525 0
-526 0
-527 0
-529 0
589 0
-581 0
-582 0
-583 0
-584 0
-585 0
-586 0
-587 0
-588 0
596 0
-591 0
-592 0
-593 0
-594 0
-595 0
-597 0
-598 0
-599 0
635 0
-631 0
-632 0
-633 0
-634 0
-636 0
-637 0
-638 0
-639 0
681 0
-682 0
-683 0
-684 0
-685 0
-686 0
-687 0
-688 0
-689 0
692 0
-691 0
-693 0
-694 0
-695 0
-696 0
-697 0
-698 0
-699 0
737 0
-731 0
-732 0
-733 0
-734 0
-735 0
-736 0
-738 0
-739 0
761 0
-762 0
-763 0
-764 0
-765 0
-766 0
-767 0
-768 0
-769 0
785 0
-781 0
-782 0
-783 0
-784 0
-786 0
-787 0
-788 0
-789 0
839 0
-831 0
-832 0
-833 0
-834 0
-835 0
-836 0
-837 0
-838 0
848 0
-841 0
-842 0
-843 0
-844 0
-845 0
-846 0
-847 0
-849 0
854 0
-851 0
-852 0
-853 0
-855 0
-856 0
-857 0
-858 0
-859 0
893 0
-891 0
-892 0
-894 0
-895 0
-896 0
-897 0
-898 0
-899 0
947 0
-941 0
-942 0
-943 0
-944 0
-945 0
-946 0
-948 0
-949 0
952 0
-951 0
-953 0
-954 0
-955 0
-956 0
-957 0
-958 0
-959 0
159 0
-151 0
-152 0
-153 0
-154 0
-155 0
-156 0
-157 0
-158 0
168 0
-161 0
-162 0
-163 0
-164 0
-165 0
-166 0
-167 0
-169 0
212 0
-211 0
-213 0
-214 0
-215 0
-216 0
-217 0
-218 0
-219 0
257 0
-251 0
-252 0
-253 0
-254 0
-255 0
-256 0
-258 0
-259 0
264 0
-261 0
-262 0
-263 0
-265 0
-266 0
-267 0
-268 0
-269 0
327 0
-321 0
-322 0
-323 0
-324 0
-325 0
-326 0
-328 0
-329 0
342 0
-341 0
-343 0
-344 0
-345 0
-346 0
-347 0
-348 0
-349 0
374 0
-371 0
-372 0
-373 0
-375 0
-376 0
-377 0
-378 0
-379 0
388 0
-381 0
-382 0
-383 0
-384 0
-385 0
-386 0
-387 0
-389 0
419 0
-411 0
-412 0
-413 0
-414 0
-415 0
-416 0
-417 0
-418 0
426 0
-421 0
-422 0
-423 0
-424 0
-425 0
-427 0
-428 0
-429 0
477 0
-471 0
-472 0
-473 0
-474 0
-475 0
-476 0
-478 0
-479 0
517 0
-511 0
-512 0
-513 0
-514 0
-515 0
-516 0
-518 0
-519 0
528 0
-521 0
-522 0
-523 0
-524 0
-525 0
-526 0
-527 0
-529 0
589 0
-581 0
-582 0
-583 0
-584 0
-585 0
-586 0
-587 0
-588 0
596 0
-591 0
-592 0
-593 0
-594 0
-595 0
-597 0
-598 0
-599 0
635 0
-631 0
-632 0
-633 0
-634 0
-636 0
-637 0
-638 0
-639 0
681 0
-682 0
-683 0
-684 0
-685 0
-686 0
-687 0
-688 0
-689 0
692 0
-691 0
-693 0
-694 0
-695 0
-696 0
-697 0
-698 0
-699 0
737 0
-731 0
-732 0
-733 0
-734 0
-735 0
-736 0
-738 0
-739 0
761 0
-762 0
-763 0
-764 0
-765 0
-766 0
-767 0
-768 0
-769 0
785 0
-781 0
-782 0
-783 0
-784 0
-786 0
-787 0
-788 0
-789 0
839 0
-831 0
-832 0
-833 0
-834 0
-835 0
-836 0
-837 0
-838 0
848 0
-841 0
-842 0
-843 0
-844 0
-845 0
-846 0
-847 0
-849 0
854 0
-851 0
-852 0
-853 0
-855 0
-856 0
-857 0
-858 0
-859 0
893 0
-891 0
-892 0
-894 0
-895 0
-896 0
-897 0
-898 0
-899 0
947 0
-941 0
-942 0
-943 0
-944 0
-945 0
-946 0
-948 0
-949 0
952 0
-951 0
-953 0
-954 0
-955 0
-956 0
-957 0
-958 0
-959 0
