127 0
-121 0
-122 0
-123 0
-124 0
-125 0
-126 0
-128 0
-129 0
131 0
-132 0
-133 0
-134 0
-135 0
-136 0
-137 0
-138 0
-139 0
192 0
-191 0
-193 0
-194 0
-195 0
-196 0
-197 0
-198 0
-199 0
213 0
-211 0
-212 0
-214 0
-215 0
-216 0
-217 0
-218 0
-219 0
275 0
-271 0
-272 0
-273 0
-274 0
-276 0
-277 0
-278 0
-279 0
281 0
-282 0
-283 0
-284 0
-285 0
-286 0
-287 0
-288 0
-289 0
348 0
-341 0
-342 0
-343 0
-344 0
-345 0
-346 0
-347 0
-349 0
363 0
-361 0
-362 0
-364 0
-365 0
-366 0
-367 0
-368 0
-369 0
423 0
-421 0
-422 0
-424 0
-425 0
-426 0
-427 0
-428 0
-429 0
438 0
-431 0
-432 0
-433 0
-434 0
-435 0
-436 0
-437 0
-439 0
445 0
-441 0
-442 0
-443 0
-444 0
-446 0
-447 0
-448 0
-449 0
474 0
-471 0
-472 0
-473 0
-475 0
-476 0
-477 0
-478 0
-479 0
489 0
-481 0
-482 0
-483 0
-484 0
-485 0
-486 0
-487 0
-488 0
532 0
-531 0
-533 0
-534 0
-535 0
-536 0
-537 0
-538 0
-539 0
553 0
-551 0
-552 0
-554 0
-555 0
-556 0
-557 0
-558 0
-559 0
577 0
-571 0
-572 0
-573 0
-574 0
-575 0
-576 0
-578 0
-579 0
637 0
-631 0
-632 0
-633 0
-634 0
-635 0
-636 0
-638 0
-639 0
664 0
-661 0
-662 0
-663 0
-665 0
-666 0
-667 0
-668 0
-669 0
672 0
-671 0
-673 0
-674 0
-675 0
-676 0
-677 0
-678 0
-679 0
749 0
-741 0
-742 0
-743 0
-744 0
-745 0
-746 0
-747 0
-748 0
768 0
-761 0
-762 0
-763 0
-764 0
-765 0
-766 0
-767 0
-769 0
825 0
-821 0
-822 0
-823 0
-824 0
-826 0
-827 0
-828 0
-829 0
833 0
-831 0
-832 0
-834 0
-835 0
-836 0
-837 0
-838 0
-839 0
897 0
-891 0
-892 0
-893 0
-894 0
-895 0
-896 0
-898 0
-899 0
912 0
-911 0
-913 0
-914 0
-915 0
-916 0
-917 0
-918 0
-919 0
971 0
-972 0
-973 0
-974 0
-975 0
-976 0
-977 0
-978 0
-979 0
985 0
-981 0
-982 0
-983 0
-984 0
-986 0
-987 0
-988 0
-989 0
127 0
-121 0
-122 0
-123 0
-124 0
-125 0
-126 0
-128 0
-129 0
131 0
-132 0
-133 0
-134 0
-135 0
-136 0
-137 0
-138 0
-139 0
192 0
-191 0
-193 0
-194 0
-195 0
-196 0
-197 0
-198 0
-199 0
213 0
-211 0
-212 0
-214 0
-215 0
-216 0
-217 0
-218 0
-219 0
275 0
-271 0
-272 0
-273 0
-274 0
-276 0
-277 0
-278 0
-279 0
281 0
-282 0
-283 0
-284 0
-285 0
-286 0
-287 0
-288 0
-289 0
348 0
-341 0
-342 0
-343 0
-344 0
-345 0
-346 0
-347 0
-349 0
363 0
-361 0
-362 0
-364 0
-365 0
-366 0
-367 0
-368 0
-369 0
423 0
-421 0
-422 0
-424 0
-425 0
-426 0
-427 0
-428 0
-429 0
438 0
-431 0
-432 0
-433 0
-434 0
-435 0
-436 0
-437 0
-439 0
445 0
-441 0
-442 0
-443 0
-444 0
-446 0
-447 0
-448 0
-449 0
474 0
-471 0
-472 0
-473 0
-475 0
-476 0
-477 0
-478 0
-479 0
489 0
-481 0
-482 0
-483 0
-484 0
-485 0
-486 0
-487 0
-488 0
532 0
-531 0
-533 0
-534 0
-535 0
-536 0
-537 0
-538 0
-539 0
553 0
-551 0
-552 0
-554 0
-555 0
-556 0
-557 0
-558 0
-559 0
577 0
-571 0
-572 0
-573 0
-574 0
-575 0
-576 0
-578 0
-579 0
637 0
-631 0
-632 0
-633 0
-634 0
-635 0
-636 0
-638 0
-639 0
664 0
-661 0
-662 0
-663 0
-665 0
-666 0
-667 0
-668 0
-669 0
672 0
-671 0
-673 0
-674 0
-675 0
-676 0
-677 0
-678 0
-679 0
749 0
-741 0
-742 0
-743 0
-744 0
-745 0
-746 0
-747 0
-748 0
768 0
-761 0
-762 0
-763 0
-764 0
-765 0
-766 0
-767 0
-769 0
825 0
-821 0
-822 0
-823 0
-824 0
-826 0
-827 0
-828 0
-829 0
833 0
-831 0
-832 0
-834 0
-835 0
-836 0
-837 0
-838 0
-839 0
897 0
-891 0
-892 0
-893 0
-894 0
-895 0
-896 0
-898 0
-899 0
912 0
-911 0
-913 0
-914 0
-915 0
-916 0
-917 0
-918 0
-919 0
971 0
-972 0
-973 0
-974 0
-975 0
-976 0
-977 0
-978 0
-979 0
985 0
-981 0
-982 0
-983 0
-984 0
-986 0
-987 0
-988 0
-989 0
