139 0
-131 0
-132 0
-133 0
-134 0
-135 0
-136 0
-137 0
-138 0
148 0
-141 0
-142 0
-143 0
-144 0
-145 0
-146 0
-147 0
-149 0
193 0
-191 0
-192 0
-194 0
-195 0
-196 0
-197 0
-198 0
-199 0
215 0
-211 0
-212 0
-213 0
-214 0
-216 0
-217 0
-218 0
-219 0
244 0
-241 0
-242 0
-243 0
-245 0
-246 0
-247 0
-248 0
-249 0
298 0
-291 0
-292 0
-293 0
-294 0
-295 0
-296 0
-297 0
-299 0
323 0
-321 0
-322 0
-324 0
-325 0
-326 0
-327 0
-328 0
-329 0
361 0
-362 0
-363 0
-364 0
-365 0
-366 0
-367 0
-368 0
-369 0
435 0
-431 0
-432 0
-433 0
-434 0
-436 0
-437 0
-438 0
-439 0
449 0
-441 0
-442 0
-443 0
-444 0
-445 0
-446 0
-447 0
-448 0
457 0
-451 0
-452 0
-453 0
-454 0
-455 0
-456 0
-458 0
-459 0
512 0
-511 0
-513 0
-514 0
-515 0
-516 0
-517 0
-518 0
-519 0
551 0
-552 0
-553 0
-554 0
-555 0
-556 0
-557 0
-558 0
-559 0
595 0
-591 0
-592 0
-593 0
-594 0
-596 0
-597 0
-598 0
-599 0
655 0
-651 0
-652 0
-653 0
-654 0
-656 0
-657 0
-658 0
-659 0
666 0
-661 0
-662 0
-663 0
-664 0
-665 0
-667 0
-668 0
-669 0
673 0
-671 0
-672 0
-674 0
-675 0
-676 0
-677 0
-678 0
-679 0
769 0
-761 0
-762 0
-763 0
-764 0
-765 0
-766 0
-767 0
-768 0
796 0
-791 0
-792 0
-793 0
-794 0
-795 0
-797 0
-798 0
-799 0
846 0
-841 0
-842 0
-843 0
-844 0
-845 0
-847 0
-848 0
-849 0
874 0
-871 0
-872 0
-873 0
-875 0
-876 0
-877 0
-878 0
-879 0
917 0
-911 0
-912 0
-913 0
-914 0
-915 0
-916 0
-918 0
-919 0
926 0
-921 0
-922 0
-923 0
-924 0
-925 0
-927 0
-928 0
-929 0
945 0
-941 0
-942 0
-943 0
-944 0
-946 0
-947 0
-948 0
-949 0
982 0
-981 0
-983 0
-984 0
-985 0
-986 0
-987 0
-988 0
-989 0
139 0
-131 0
-132 0
-133 0
-134 0
-135 0
-136 0
-137 0
-138 0
148 0
-141 0
-142 0
-143 0
-144 0
-145 0
-146 0
-147 0
-149 0
193 0
-191 0
-192 0
-194 0
-195 0
-196 0
-197 0
-198 0
-199 0
215 0
-211 0
-212 0
-213 0
-214 0
-216 0
-217 0
-218 0
-219 0
244 0
-241 0
-242 0
-243 0
-245 0
-246 0
-247 0
-248 0
-249 0
298 0
-291 0
-292 0
-293 0
-294 0
-295 0
-296 0
-297 0
-299 0
323 0
-321 0
-322 0
-324 0
-325 0
-326 0
-327 0
-328 0
-329 0
361 0
-362 0
-363 0
-364 0
-365 0
-366 0
-367 0
-368 0
-369 0
435 0
-431 0
-432 0
-433 0
-434 0
-436 0
-437 0
-438 0
-439 0
449 0
-441 0
-442 0
-443 0
-444 0
-445 0
-446 0
-447 0
-448 0
457 0
-451 0
-452 0
-453 0
-454 0
-455 0
-456 0
-458 0
-459 0
512 0
-511 0
-513 0
-514 0
-515 0
-516 0
-517 0
-518 0
-519 0
551 0
-552 0
-553 0
-554 0
-555 0
-556 0
-557 0
-558 0
-559 0
595 0
-591 0
-592 0
-593 0
-594 0
-596 0
-597 0
-598 0
-599 0
655 0
-651 0
-652 0
-653 0
-654 0
-656 0
-657 0
-658 0
-659 0
666 0
-661 0
-662 0
-663 0
-664 0
-665 0
-667 0
-668 0
-669 0
673 0
-671 0
-672 0
-674 0
-675 0
-676 0
-677 0
-678 0
-679 0
769 0
-761 0
-762 0
-763 0
-764 0
-765 0
-766 0
-767 0
-768 0
796 0
-791 0
-792 0
-793 0
-794 0
-795 0
-797 0
-798 0
-799 0
846 0
-841 0
-842 0
-843 0
-844 0
-845 0
-847 0
-848 0
-849 0
874 0
-871 0
-872 0
-873 0
-875 0
-876 0
-877 0
-878 0
-879 0
917 0
-911 0
-912 0
-913 0
-914 0
-915 0
-916 0
-918 0
-919 0
926 0
-921 0
-922 0
-923 0
-924 0
-925 0
-927 0
-928 0
-929 0
945 0
-941 0
-942 0
-943 0
-944 0
-946 0
-947 0
-948 0
-949 0
982 0
-981 0
-983 0
-984 0
-985 0
-986 0
-987 0
-988 0
-989 0
