179 0
-171 0
-172 0
-173 0
-174 0
-175 0
-176 0
-177 0
-178 0
221 0
-222 0
-223 0
-224 0
-225 0
-226 0
-227 0
-228 0
-229 0
238 0
-231 0
-232 0
-233 0
-234 0
-235 0
-236 0
-237 0
-239 0
255 0
-251 0
-252 0
-253 0
-254 0
-256 0
-257 0
-258 0
-259 0
266 0
-261 0
-262 0
-263 0
-264 0
-265 0
-267 0
-268 0
-269 0
313 0
-311 0
-312 0
-314 0
-315 0
-316 0
-317 0
-318 0
-319 0
335 0
-331 0
-332 0
-333 0
-334 0
-336 0
-337 0
-338 0
-339 0
357 0
-351 0
-352 0
-353 0
-354 0
-355 0
-356 0
-358 0
-359 0
424 0
-421 0
-422 0
-423 0
-425 0
-426 0
-427 0
-428 0
-429 0
436 0
-431 0
-432 0
-433 0
-434 0
-435 0
-437 0
-438 0
-439 0
442 0
-441 0
-443 0
-444 0
-445 0
-446 0
-447 0
-448 0
-449 0
539 0
-531 0
-532 0
-533 0
-534 0
-535 0
-536 0
-537 0
-538 0
558 0
-551 0
-552 0
-553 0
-554 0
-555 0
-556 0
-557 0
-559 0
665 0
-661 0
-662 0
-663 0
-664 0
-666 0
-667 0
-668 0
-669 0
691 0
-692 0
-693 0
-694 0
-695 0
-696 0
-697 0
-698 0
-699 0
717 0
-711 0
-712 0
-713 0
-714 0
-715 0
-716 0
-718 0
-719 0
776 0
-771 0
-772 0
-773 0
-774 0
-775 0
-777 0
-778 0
-779 0
834 0
-831 0
-832 0
-833 0
-835 0
-836 0
-837 0
-838 0
-839 0
851 0
-852 0
-853 0
-854 0
-855 0
-856 0
-857 0
-858 0
-859 0
868 0
-861 0
-862 0
-863 0
-864 0
-865 0
-866 0
-867 0
-869 0
895 0
-891 0
-892 0
-893 0
-894 0
-896 0
-897 0
-898 0
-899 0
926 0
-921 0
-922 0
-923 0
-924 0
-925 0
-927 0
-928 0
-929 0
933 0
-931 0
-932 0
-934 0
-935 0
-936 0
-937 0
-938 0
-939 0
959 0
-951 0
-952 0
-953 0
-954 0
-955 0
-956 0
-957 0
-958 0
179 0
-171 0
-172 0
-173 0
-174 0
-175 0
-176 0
-177 0
-178 0
221 0
-222 0
-223 0
-224 0
-225 0
-226 0
-227 0
-228 0
-229 0
238 0
-231 0
-232 0
-233 0
-234 0
-235 0
-236 0
-237 0
-239 0
255 0
-251 0
-252 0
-253 0
-254 0
-256 0
-257 0
-258 0
-259 0
266 0
-261 0
-262 0
-263 0
-264 0
-265 0
-267 0
-268 0
-269 0
313 0
-311 0
-312 0
-314 0
-315 0
-316 0
-317 0
-318 0
-319 0
335 0
-331 0
-332 0
-333 0
-334 0
-336 0
-337 0
-338 0
-339 0
357 0
-351 0
-352 0
-353 0
-354 0
-355 0
-356 0
-358 0
-359 0
424 0
-421 0
-422 0
-423 0
-425 0
-426 0
-427 0
-428 0
-429 0
436 0
-431 0
-432 0
-433 0
-434 0
-435 0
-437 0
-438 0
-439 0
442 0
-441 0
-443 0
-444 0
-445 0
-446 0
-447 0
-448 0
-449 0
539 0
-531 0
-532 0
-533 0
-534 0
-535 0
-536 0
-537 0
-538 0
558 0
-551 0
-552 0
-553 0
-554 0
-555 0
-556 0
-557 0
-559 0
665 0
-661 0
-662 0
-663 0
-664 0
-666 0
-667 0
-668 0
-669 0
691 0
-692 0
-693 0
-694 0
-695 0
-696 0
-697 0
-698 0
-699 0
717 0
-711 0
-712 0
-713 0
-714 0
-715 0
-716 0
-718 0
-719 0
776 0
-771 0
-772 0
-773 0
-774 0
-775 0
-777 0
-778 0
-779 0
834 0
-831 0
-832 0
-833 0
-835 0
-836 0
-837 0
-838 0
-839 0
851 0
-852 0
-853 0
-854 0
-855 0
-856 0
-857 0
-858 0
-859 0
868 0
-861 0
-862 0
-863 0
-864 0
-865 0
-866 0
-867 0
-869 0
895 0
-891 0
-892 0
-893 0
-894 0
-896 0
-897 0
-898 0
-899 0
926 0
-921 0
-922 0
-923 0
-924 0
-925 0
-927 0
-928 0
-929 0
933 0
-931 0
-932 0
-934 0
-935 0
-936 0
-937 0
-938 0
-939 0
959 0
-951 0
-952 0
-953 0
-954 0
-955 0
-956 0
-957 0
-958 0
