111 0
-112 0
-113 0
-114 0
-115 0
-116 0
-117 0
-118 0
-119 0
138 0
-131 0
-132 0
-133 0
-134 0
-135 0
-136 0
-137 0
-139 0
172 0
-171 0
-173 0
-174 0
-175 0
-176 0
-177 0
-178 0
-179 0
195 0
-191 0
-192 0
-193 0
-194 0
-196 0
-197 0
-198 0
-199 0
223 0
-221 0
-222 0
-224 0
-225 0
-226 0
-227 0
-228 0
-229 0
246 0
-241 0
-242 0
-243 0
-244 0
-245 0
-247 0
-248 0
-249 0
281 0
-282 0
-283 0
-284 0
-285 0
-286 0
-287 0
-288 0
-289 0
324 0
-321 0
-322 0
-323 0
-325 0
-326 0
-327 0
-328 0
-329 0
365 0
-361 0
-362 0
-363 0
-364 0
-366 0
-367 0
-368 0
-369 0
388 0
-381 0
-382 0
-383 0
-384 0
-385 0
-386 0
-387 0
-389 0
417 0
-411 0
-412 0
-413 0
-414 0
-415 0
-416 0
-418 0
-419 0
459 0
-451 0
-452 0
-453 0
-454 0
-455 0
-456 0
-457 0
-458 0
536 0
-531 0
-532 0
-533 0
-534 0
-535 0
-537 0
-538 0
-539 0
545 0
-541 0
-542 0
-543 0
-544 0
-546 0
-547 0
-548 0
-549 0
561 0
-562 0
-563 0
-564 0
-565 0
-566 0
-567 0
-568 0
-569 0
579 0
-571 0
-572 0
-573 0
-574 0
-575 0
-576 0
-577 0
-578 0
652 0
-651 0
-653 0
-654 0
-655 0
-656 0
-657 0
-658 0
-659 0
697 0
-691 0
-692 0
-693 0
-694 0
-695 0
-696 0
-698 0
-699 0
725 0
-721 0
-722 0
-723 0
-724 0
-726 0
-727 0
-728 0
-729 0
768 0
-761 0
-762 0
-763 0
-764 0
-765 0
-766 0
-767 0
-769 0
783 0
-781 0
-782 0
-784 0
-785 0
-786 0
-787 0
-788 0
-789 0
826 0
-821 0
-822 0
-823 0
-824 0
-825 0
-827 0
-828 0
-829 0
843 0
-841 0
-842 0
-844 0
-845 0
-846 0
-847 0
-848 0
-849 0
887 0
-881 0
-882 0
-883 0
-884 0
-885 0
-886 0
-888 0
-889 0
914 0
-911 0
-912 0
-913 0
-915 0
-916 0
-917 0
-918 0
-919 0
933 0
-931 0
-932 0
-934 0
-935 0
-936 0
-937 0
-938 0
-939 0
975 0
-971 0
-972 0
-973 0
-974 0
-976 0
-977 0
-978 0
-979 0
998 0
-991 0
-992 0
-993 0
-994 0
-995 0
-996 0
-997 0
-999 0
111 0
-112 0
-113 0
-114 0
-115 0
-116 0
-117 0
-118 0
-119 0
138 0
-131 0
-132 0
-133 0
-134 0
-135 0
-136 0
-137 0
-139 0
172 0
-171 0
-173 0
-174 0
-175 0
-176 0
-177 0
-178 0
-179 0
195 0
-191 0
-192 0
-193 0
-194 0
-196 0
-197 0
-198 0
-199 0
223 0
-221 0
-222 0
-224 0
-225 0
-226 0
-227 0
-228 0
-229 0
246 0
-241 0
-242 0
-243 0
-244 0
-245 0
-247 0
-248 0
-249 0
281 0
-282 0
-283 0
-284 0
-285 0
-286 0
-287 0
-288 0
-289 0
324 0
-321 0
-322 0
-323 0
-325 0
-326 0
-327 0
-328 0
-329 0
365 0
-361 0
-362 0
-363 0
-364 0
-366 0
-367 0
-368 0
-369 0
388 0
-381 0
-382 0
-383 0
-384 0
-385 0
-386 0
-387 0
-389 0
417 0
-411 0
-412 0
-413 0
-414 0
-415 0
-416 0
-418 0
-419 0
459 0
-451 0
-452 0
-453 0
-454 0
-455 0
-456 0
-457 0
-458 0
536 0
-531 0
-532 0
-533 0
-534 0
-535 0
-537 0
-538 0
-539 0
545 0
-541 0
-542 0
-543 0
-544 0
-546 0
-547 0
-548 0
-549 0
561 0
-562 0
-563 0
-564 0
-565 0
-566 0
-567 0
-568 0
-569 0
579 0
-571 0
-572 0
-573 0
-574 0
-575 0
-576 0
-577 0
-578 0
652 0
-651 0
-653 0
-654 0
-655 0
-656 0
-657 0
-658 0
-659 0
697 0
-691 0
-692 0
-693 0
-694 0
-695 0
-696 0
-698 0
-699 0
725 0
-721 0
-722 0
-723 0
-724 0
-726 0
-727 0
-728 0
-729 0
768 0
-761 0
-762 0
-763 0
-764 0
-765 0
-766 0
-767 0
-769 0
783 0
-781 0
-782 0
-784 0
-785 0
-786 0
-787 0
-788 0
-789 0
826 0
-821 0
-822 0
-823 0
-824 0
-825 0
-827 0
-828 0
-829 0
843 0
-841 0
-842 0
-844 0
-845 0
-846 0
-847 0
-848 0
-849 0
887 0
-881 0
-882 0
-883 0
-884 0
-885 0
-886 0
-888 0
-889 0
914 0
-911 0
-912 0
-913 0
-915 0
-916 0
-917 0
-918 0
-919 0
933 0
-931 0
-932 0
-934 0
-935 0
-936 0
-937 0
-938 0
-939 0
975 0
-971 0
-972 0
-973 0
-974 0
-976 0
-977 0
-978 0
-979 0
998 0
-991 0
-992 0
-993 0
-994 0
-995 0
-996 0
-997 0
-999 0
