121 0
-122 0
-123 0
-124 0
-125 0
-126 0
-127 0
-128 0
-129 0
144 0
-141 0
-142 0
-143 0
-145 0
-146 0
-147 0
-148 0
-149 0
189 0
-181 0
-182 0
-183 0
-184 0
-185 0
-186 0
-187 0
-188 0
227 0
-221 0
-222 0
-223 0
-224 0
-225 0
-226 0
-228 0
-229 0
281 0
-282 0
-283 0
-284 0
-285 0
-286 0
-287 0
-288 0
-289 0
298 0
-291 0
-292 0
-293 0
-294 0
-295 0
-296 0
-297 0
-299 0
332 0
-331 0
-333 0
-334 0
-335 0
-336 0
-337 0
-338 0
-339 0
348 0
-341 0
-342 0
-343 0
-344 0
-345 0
-346 0
-347 0
-349 0
395 0
-391 0
-392 0
-393 0
-394 0
-396 0
-397 0
-398 0
-399 0
416 0
-411 0
-412 0
-413 0
-414 0
-415 0
-417 0
-418 0
-419 0
455 0
-451 0
-452 0
-453 0
-454 0
-456 0
-457 0
-458 0
-459 0
528 0
-521 0
-522 0
-523 0
-524 0
-525 0
-526 0
-527 0
-529 0
534 0
-531 0
-532 0
-533 0
-535 0
-536 0
-537 0
-538 0
-539 0
569 0
-561 0
-562 0
-563 0
-564 0
-565 0
-566 0
-567 0
-568 0
592 0
-591 0
-593 0
-594 0
-595 0
-596 0
-597 0
-598 0
-599 0
637 0
-631 0
-632 0
-633 0
-634 0
-635 0
-636 0
-638 0
-639 0
653 0
-651 0
-652 0
-654 0
-655 0
-656 0
-657 0
-658 0
-659 0
833 0
-831 0
-832 0
-834 0
-835 0
-836 0
-837 0
-838 0
-839 0
867 0
-861 0
-862 0
-863 0
-864 0
-865 0
-866 0
-868 0
-869 0
879 0
-871 0
-872 0
-873 0
-874 0
-875 0
-876 0
-877 0
-878 0
891 0
-892 0
-893 0
-894 0
-895 0
-896 0
-897 0
-898 0
-899 0
918 0
-911 0
-912 0
-913 0
-914 0
-915 0
-916 0
-917 0
-919 0
956 0
-951 0
-952 0
-953 0
-954 0
-955 0
-957 0
-958 0
-959 0
984 0
-981 0
-982 0
-983 0
-985 0
-986 0
-987 0
-988 0
-989 0
121 0
-122 0
-123 0
-124 0
-125 0
-126 0
-127 0
-128 0
-129 0
144 0
-141 0
-142 0
-143 0
-145 0
-146 0
-147 0
-148 0
-149 0
189 0
-181 0
-182 0
-183 0
-184 0
-185 0
-186 0
-187 0
-188 0
227 0
-221 0
-222 0
-223 0
-224 0
-225 0
-226 0
-228 0
-229 0
281 0
-282 0
-283 0
-284 0
-285 0
-286 0
-287 0
-288 0
-289 0
298 0
-291 0
-292 0
-293 0
-294 0
-295 0
-296 0
-297 0
-299 0
332 0
-331 0
-333 0
-334 0
-335 0
-336 0
-337 0
-338 0
-339 0
348 0
-341 0
-342 0
-343 0
-344 0
-345 0
-346 0
-347 0
-349 0
395 0
-391 0
-392 0
-393 0
-394 0
-396 0
-397 0
-398 0
-399 0
416 0
-411 0
-412 0
-413 0
-414 0
-415 0
-417 0
-418 0
-419 0
455 0
-451 0
-452 0
-453 0
-454 0
-456 0
-457 0
-458 0
-459 0
528 0
-521 0
-522 0
-523 0
-524 0
-525 0
-526 0
-527 0
-529 0
534 0
-531 0
-532 0
-533 0
-535 0
-536 0
-537 0
-538 0
-539 0
569 0
-561 0
-562 0
-563 0
-564 0
-565 0
-566 0
-567 0
-568 0
592 0
-591 0
-593 0
-594 0
-595 0
-596 0
-597 0
-598 0
-599 0
637 0
-631 0
-632 0
-633 0
-634 0
-635 0
-636 0
-638 0
-639 0
653 0
-651 0
-652 0
-654 0
-655 0
-656 0
-657 0
-658 0
-659 0
833 0
-831 0
-832 0
-834 0
-835 0
-836 0
-837 0
-838 0
-839 0
867 0
-861 0
-862 0
-863 0
-864 0
-865 0
-866 0
-868 0
-869 0
879 0
-871 0
-872 0
-873 0
-874 0
-875 0
-876 0
-877 0
-878 0
891 0
-892 0
-893 0
-894 0
-895 0
-896 0
-897 0
-898 0
-899 0
918 0
-911 0
-912 0
-913 0
-914 0
-915 0
-916 0
-917 0
-919 0
956 0
-951 0
-952 0
-953 0
-954 0
-955 0
-957 0
-958 0
-959 0
984 0
-981 0
-982 0
-983 0
-985 0
-986 0
-987 0
-988 0
-989 0
