123 0
-121 0
-122 0
-124 0
-125 0
-126 0
-127 0
-128 0
-129 0
155 0
-151 0
-152 0
-153 0
-154 0
-156 0
-157 0
-158 0
-159 0
249 0
-241 0
-242 0
-243 0
-244 0
-245 0
-246 0
-247 0
-248 0
267 0
-261 0
-262 0
-263 0
-264 0
-265 0
-266 0
-268 0
-269 0
282 0
-281 0
-283 0
-284 0
-285 0
-286 0
-287 0
-288 0
-289 0
293 0
-291 0
-292 0
-294 0
-295 0
-296 0
-297 0
-298 0
-299 0
331 0
-332 0
-333 0
-334 0
-335 0
-336 0
-337 0
-338 0
-339 0
348 0
-341 0
-342 0
-343 0
-344 0
-345 0
-346 0
-347 0
-349 0
389 0
-381 0
-382 0
-383 0
-384 0
-385 0
-386 0
-387 0
-388 0
414 0
-411 0
-412 0
-413 0
-415 0
-416 0
-417 0
-418 0
-419 0
425 0
-421 0
-422 0
-423 0
-424 0
-426 0
-427 0
-428 0
-429 0
473 0
-471 0
-472 0
-474 0
-475 0
-476 0
-477 0
-478 0
-479 0
532 0
-531 0
-533 0
-534 0
-535 0
-536 0
-537 0
-538 0
-539 0
574 0
-571 0
-572 0
-573 0
-575 0
-576 0
-577 0
-578 0
-579 0
688 0
-681 0
-682 0
-683 0
-684 0
-685 0
-686 0
-687 0
-689 0
718 0
-711 0
-712 0
-713 0
-714 0
-715 0
-716 0
-717 0
-719 0
785 0
-781 0
-782 0
-783 0
-784 0
-786 0
-787 0
-788 0
-789 0
792 0
-791 0
-793 0
-794 0
-795 0
-796 0
-797 0
-798 0
-799 0
812 0
-811 0
-813 0
-814 0
-815 0
-816 0
-817 0
-818 0
-819 0
863 0
-861 0
-862 0
-864 0
-865 0
-866 0
-867 0
-868 0
-869 0
887 0
-881 0
-882 0
-883 0
-884 0
-885 0
-886 0
-888 0
-889 0
894 0
-891 0
-892 0
-893 0
-895 0
-896 0
-897 0
-898 0
-899 0
929 0
-921 0
-922 0
-923 0
-924 0
-925 0
-926 0
-927 0
-928 0
947 0
-941 0
-942 0
-943 0
-944 0
-945 0
-946 0
-948 0
-949 0
978 0
-971 0
-972 0
-973 0
-974 0
-975 0
-976 0
-977 0
-979 0
