126 0
-121 0
-122 0
-123 0
-124 0
-125 0
-127 0
-128 0
-129 0
131 0
-132 0
-133 0
-134 0
-135 0
-136 0
-137 0
-138 0
-139 0
185 0
-181 0
-182 0
-183 0
-184 0
-186 0
-187 0
-188 0
-189 0
246 0
-241 0
-242 0
-243 0
-244 0
-245 0
-247 0
-248 0
-249 0
271 0
-272 0
-273 0
-274 0
-275 0
-276 0
-277 0
-278 0
-279 0
289 0
-281 0
-282 0
-283 0
-284 0
-285 0
-286 0
-287 0
-288 0
347 0
-341 0
-342 0
-343 0
-344 0
-345 0
-346 0
-348 0
-349 0
352 0
-351 0
-353 0
-354 0
-355 0
-356 0
-357 0
-358 0
-359 0
421 0
-422 0
-423 0
-424 0
-425 0
-426 0
-427 0
-428 0
-429 0
525 0
-521 0
-522 0
-523 0
-524 0
-526 0
-527 0
-528 0
-529 0
568 0
-561 0
-562 0
-563 0
-564 0
-565 0
-566 0
-567 0
-569 0
572 0
-571 0
-573 0
-574 0
-575 0
-576 0
-577 0
-578 0
-579 0
619 0
-611 0
-612 0
-613 0
-614 0
-615 0
-616 0
-617 0
-618 0
622 0
-621 0
-623 0
-624 0
-625 0
-626 0
-627 0
-628 0
-629 0
654 0
-651 0
-652 0
-653 0
-655 0
-656 0
-657 0
-658 0
-659 0
695 0
-691 0
-692 0
-693 0
-694 0
-696 0
-697 0
-698 0
-699 0
769 0
-761 0
-762 0
-763 0
-764 0
-765 0
-766 0
-767 0
-768 0
787 0
-781 0
-782 0
-783 0
-784 0
-785 0
-786 0
-788 0
-789 0
828 0
-821 0
-822 0
-823 0
-824 0
-825 0
-826 0
-827 0
-829 0
843 0
-841 0
-842 0
-844 0
-845 0
-846 0
-847 0
-848 0
-849 0
882 0
-881 0
-883 0
-884 0
-885 0
-886 0
-887 0
-888 0
-889 0
917 0
-911 0
-912 0
-913 0
-914 0
-915 0
-916 0
-918 0
-919 0
933 0
-931 0
-932 0
-934 0
-935 0
-936 0
-937 0
-938 0
-939 0
976 0
-971 0
-972 0
-973 0
-974 0
-975 0
-977 0
-978 0
-979 0
998 0
-991 0
-992 0
-993 0
-994 0
-995 0
-996 0
-997 0
-999 0
