117 0
-111 0
-112 0
-113 0
-114 0
-115 0
-116 0
-118 0
-119 0
121 0
-122 0
-123 0
-124 0
-125 0
-126 0
-127 0
-128 0
-129 0
152 0
-151 0
-153 0
-154 0
-155 0
-156 0
-157 0
-158 0
-159 0
188 0
-181 0
-182 0
-183 0
-184 0
-185 0
-186 0
-187 0
-189 0
199 0
-191 0
-192 0
-193 0
-194 0
-195 0
-196 0
-197 0
-198 0
264 0
-261 0
-262 0
-263 0
-265 0
-266 0
-267 0
-268 0
-269 0
314 0
-311 0
-312 0
-313 0
-315 0
-316 0
-317 0
-318 0
-319 0
332 0
-331 0
-333 0
-334 0
-335 0
-336 0
-337 0
-338 0
-339 0
347 0
-341 0
-342 0
-343 0
-344 0
-345 0
-346 0
-348 0
-349 0
373 0
-371 0
-372 0
-374 0
-375 0
-376 0
-377 0
-378 0
-379 0
395 0
-391 0
-392 0
-393 0
-394 0
-396 0
-397 0
-398 0
-399 0
427 0
-421 0
-422 0
-423 0
-424 0
-425 0
-426 0
-428 0
-429 0
463 0
-461 0
-462 0
-464 0
-465 0
-466 0
-467 0
-468 0
-469 0
478 0
-471 0
-472 0
-473 0
-474 0
-475 0
-476 0
-477 0
-479 0
518 0
-511 0
-512 0
-513 0
-514 0
-515 0
-516 0
-517 0
-519 0
596 0
-591 0
-592 0
-593 0
-594 0
-595 0
-597 0
-598 0
-599 0
639 0
-631 0
-632 0
-633 0
-634 0
-635 0
-636 0
-637 0
-638 0
642 0
-641 0
-643 0
-644 0
-645 0
-646 0
-647 0
-648 0
-649 0
684 0
-681 0
-682 0
-683 0
-685 0
-686 0
-687 0
-688 0
-689 0
711 0
-712 0
-713 0
-714 0
-715 0
-716 0
-717 0
-718 0
-719 0
734 0
-731 0
-732 0
-733 0
-735 0
-736 0
-737 0
-738 0
-739 0
762 0
-761 0
-763 0
-764 0
-765 0
-766 0
-767 0
-768 0
-769 0
779 0
-771 0
-772 0
-773 0
-774 0
-775 0
-776 0
-777 0
-778 0
793 0
-791 0
-792 0
-794 0
-795 0
-796 0
-797 0
-798 0
-799 0
843 0
-841 0
-842 0
-844 0
-845 0
-846 0
-847 0
-848 0
-849 0
919 0
-911 0
-912 0
-913 0
-914 0
-915 0
-916 0
-917 0
-918 0
923 0
-921 0
-922 0
-924 0
-925 0
-926 0
-927 0
-928 0
-929 0
954 0
-951 0
-952 0
-953 0
-955 0
-956 0
-957 0
-958 0
-959 0
982 0
-981 0
-983 0
-984 0
-985 0
-986 0
-987 0
-988 0
-989 0
998 0
-991 0
-992 0
-993 0
-994 0
-995 0
-996 0
-997 0
-999 0
