113 0
-111 0
-112 0
-114 0
-115 0
-116 0
-117 0
-118 0
-119 0
136 0
-131 0
-132 0
-133 0
-134 0
-135 0
-137 0
-138 0
-139 0
187 0
-181 0
-182 0
-183 0
-184 0
-185 0
-186 0
-188 0
-189 0
231 0
-232 0
-233 0
-234 0
-235 0
-236 0
-237 0
-238 0
-239 0
243 0
-241 0
-242 0
-244 0
-245 0
-246 0
-247 0
-248 0
-249 0
258 0
-251 0
-252 0
-253 0
-254 0
-255 0
-256 0
-257 0
-259 0
292 0
-291 0
-293 0
-294 0
-295 0
-296 0
-297 0
-298 0
-299 0
367 0
-361 0
-362 0
-363 0
-364 0
-365 0
-366 0
-368 0
-369 0
421 0
-422 0
-423 0
-424 0
-425 0
-426 0
-427 0
-428 0
-429 0
477 0
-471 0
-472 0
-473 0
-474 0
-475 0
-476 0
-478 0
-479 0
518 0
-511 0
-512 0
-513 0
-514 0
-515 0
-516 0
-517 0
-519 0
534 0
-531 0
-532 0
-533 0
-535 0
-536 0
-537 0
-538 0
-539 0
556 0
-551 0
-552 0
-553 0
-554 0
-555 0
-557 0
-558 0
-559 0
595 0
-591 0
-592 0
-593 0
-594 0
-596 0
-597 0
-598 0
-599 0
623 0
-621 0
-622 0
-624 0
-625 0
-626 0
-627 0
-628 0
-629 0
665 0
-661 0
-662 0
-663 0
-664 0
-666 0
-667 0
-668 0
-669 0
689 0
-681 0
-682 0
-683 0
-684 0
-685 0
-686 0
-687 0
-688 0
727 0
-721 0
-722 0
-723 0
-724 0
-725 0
-726 0
-728 0
-729 0
735 0
-731 0
-732 0
-733 0
-734 0
-736 0
-737 0
-738 0
-739 0
782 0
-781 0
-783 0
-784 0
-785 0
-786 0
-787 0
-788 0
-789 0
799 0
-791 0
-792 0
-793 0
-794 0
-795 0
-796 0
-797 0
-798 0
848 0
-841 0
-842 0
-843 0
-844 0
-845 0
-846 0
-847 0
-849 0
955 0
-951 0
-952 0
-953 0
-954 0
-956 0
-957 0
-958 0
-959 0
974 0
-971 0
-972 0
-973 0
-975 0
-976 0
-977 0
-978 0
-979 0
113 0
-111 0
-112 0
-114 0
-115 0
-116 0
-117 0
-118 0
-119 0
136 0
-131 0
-132 0
-133 0
-134 0
-135 0
-137 0
-138 0
-139 0
187 0
-181 0
-182 0
-183 0
-184 0
-185 0
-186 0
-188 0
-189 0
231 0
-232 0
-233 0
-234 0
-235 0
-236 0
-237 0
-238 0
-239 0
243 0
-241 0
-242 0
-244 0
-245 0
-246 0
-247 0
-248 0
-249 0
258 0
-251 0
-252 0
-253 0
-254 0
-255 0
-256 0
-257 0
-259 0
292 0
-291 0
-293 0
-294 0
-295 0
-296 0
-297 0
-298 0
-299 0
367 0
-361 0
-362 0
-363 0
-364 0
-365 0
-366 0
-368 0
-369 0
421 0
-422 0
-423 0
-424 0
-425 0
-426 0
-427 0
-428 0
-429 0
477 0
-471 0
-472 0
-473 0
-474 0
-475 0
-476 0
-478 0
-479 0
518 0
-511 0
-512 0
-513 0
-514 0
-515 0
-516 0
-517 0
-519 0
534 0
-531 0
-532 0
-533 0
-535 0
-536 0
-537 0
-538 0
-539 0
556 0
-551 0
-552 0
-553 0
-554 0
-555 0
-557 0
-558 0
-559 0
595 0
-591 0
-592 0
-593 0
-594 0
-596 0
-597 0
-598 0
-599 0
623 0
-621 0
-622 0
-624 0
-625 0
-626 0
-627 0
-628 0
-629 0
665 0
-661 0
-662 0
-663 0
-664 0
-666 0
-667 0
-668 0
-669 0
689 0
-681 0
-682 0
-683 0
-684 0
-685 0
-686 0
-687 0
-688 0
727 0
-721 0
-722 0
-723 0
-724 0
-725 0
-726 0
-728 0
-729 0
735 0
-731 0
-732 0
-733 0
-734 0
-736 0
-737 0
-738 0
-739 0
782 0
-781 0
-783 0
-784 0
-785 0
-786 0
-787 0
-788 0
-789 0
799 0
-791 0
-792 0
-793 0
-794 0
-795 0
-796 0
-797 0
-798 0
848 0
-841 0
-842 0
-843 0
-844 0
-845 0
-846 0
-847 0
-849 0
955 0
-951 0
-952 0
-953 0
-954 0
-956 0
-957 0
-958 0
-959 0
974 0
-971 0
-972 0
-973 0
-975 0
-976 0
-977 0
-978 0
-979 0
