118 0
-111 0
-112 0
-113 0
-114 0
-115 0
-116 0
-117 0
-119 0
152 0
-151 0
-153 0
-154 0
-155 0
-156 0
-157 0
-158 0
-159 0
184 0
-181 0
-182 0
-183 0
-185 0
-186 0
-187 0
-188 0
-189 0
223 0
-221 0
-222 0
-224 0
-225 0
-226 0
-227 0
-228 0
-229 0
245 0
-241 0
-242 0
-243 0
-244 0
-246 0
-247 0
-248 0
-249 0
259 0
-251 0
-252 0
-253 0
-254 0
-255 0
-256 0
-257 0
-258 0
314 0
-311 0
-312 0
-313 0
-315 0
-316 0
-317 0
-318 0
-319 0
335 0
-331 0
-332 0
-333 0
-334 0
-336 0
-337 0
-338 0
-339 0
426 0
-421 0
-422 0
-423 0
-424 0
-425 0
-427 0
-428 0
-429 0
461 0
-462 0
-463 0
-464 0
-465 0
-466 0
-467 0
-468 0
-469 0
483 0
-481 0
-482 0
-484 0
-485 0
-486 0
-487 0
-488 0
-489 0
524 0
-521 0
-522 0
-523 0
-525 0
-526 0
-527 0
-528 0
-529 0
539 0
-531 0
-532 0
-533 0
-534 0
-535 0
-536 0
-537 0
-538 0
578 0
-571 0
-572 0
-573 0
-574 0
-575 0
-576 0
-577 0
-579 0
581 0
-582 0
-583 0
-584 0
-585 0
-586 0
-587 0
-588 0
-589 0
649 0
-641 0
-642 0
-643 0
-644 0
-645 0
-646 0
-647 0
-648 0
774 0
-771 0
-772 0
-773 0
-775 0
-776 0
-777 0
-778 0
-779 0
815 0
-811 0
-812 0
-813 0
-814 0
-816 0
-817 0
-818 0
-819 0
854 0
-851 0
-852 0
-853 0
-855 0
-856 0
-857 0
-858 0
-859 0
862 0
-861 0
-863 0
-864 0
-865 0
-866 0
-867 0
-868 0
-869 0
888 0
-881 0
-882 0
-883 0
-884 0
-885 0
-886 0
-887 0
-889 0
955 0
-951 0
-952 0
-953 0
-954 0
-956 0
-957 0
-958 0
-959 0
976 0
-971 0
-972 0
-973 0
-974 0
-975 0
-977 0
-978 0
-979 0
997 0
-991 0
-992 0
-993 0
-994 0
-995 0
-996 0
-998 0
-999 0
