153 0
-151 0
-152 0
-154 0
-155 0
-156 0
-157 0
-158 0
-159 0
174 0
-171 0
-172 0
-173 0
-175 0
-176 0
-177 0
-178 0
-179 0
223 0
-221 0
-222 0
-224 0
-225 0
-226 0
-227 0
-228 0
-229 0
232 0
-231 0
-233 0
-234 0
-235 0
-236 0
-237 0
-238 0
-239 0
256 0
-251 0
-252 0
-253 0
-254 0
-255 0
-257 0
-258 0
-259 0
288 0
-281 0
-282 0
-283 0
-284 0
-285 0
-286 0
-287 0
-289 0
321 0
-322 0
-323 0
-324 0
-325 0
-326 0
-327 0
-328 0
-329 0
347 0
-341 0
-342 0
-343 0
-344 0
-345 0
-346 0
-348 0
-349 0
368 0
-361 0
-362 0
-363 0
-364 0
-365 0
-366 0
-367 0
-369 0
385 0
-381 0
-382 0
-383 0
-384 0
-386 0
-387 0
-388 0
-389 0
433 0
-431 0
-432 0
-434 0
-435 0
-436 0
-437 0
-438 0
-439 0
449 0
-441 0
-442 0
-443 0
-444 0
-445 0
-446 0
-447 0
-448 0
467 0
-461 0
-462 0
-463 0
-464 0
-465 0
-466 0
-468 0
-469 0
476 0
-471 0
-472 0
-473 0
-474 0
-475 0
-477 0
-478 0
-479 0
518 0
-511 0
-512 0
-513 0
-514 0
-515 0
-516 0
-517 0
-519 0
526 0
-521 0
-522 0
-523 0
-524 0
-525 0
-527 0
-528 0
-529 0
587 0
-581 0
-582 0
-583 0
-584 0
-585 0
-586 0
-588 0
-589 0
593 0
-591 0
-592 0
-594 0
-595 0
-596 0
-597 0
-598 0
-599 0
637 0
-631 0
-632 0
-633 0
-634 0
-635 0
-636 0
-638 0
-639 0
643 0
-641 0
-642 0
-644 0
-645 0
-646 0
-647 0
-648 0
-649 0
666 0
-661 0
-662 0
-663 0
-664 0
-665 0
-667 0
-668 0
-669 0
671 0
-672 0
-673 0
-674 0
-675 0
-676 0
-677 0
-678 0
-679 0
724 0
-721 0
-722 0
-723 0
-725 0
-726 0
-727 0
-728 0
-729 0
742 0
-741 0
-743 0
-744 0
-745 0
-746 0
-747 0
-748 0
-749 0
769 0
-761 0
-762 0
-763 0
-764 0
-765 0
-766 0
-767 0
-768 0
783 0
-781 0
-782 0
-784 0
-785 0
-786 0
-787 0
-788 0
-789 0
827 0
-821 0
-822 0
-823 0
-824 0
-825 0
-826 0
-828 0
-829 0
855 0
-851 0
-852 0
-853 0
-854 0
-856 0
-857 0
-858 0
-859 0
872 0
-871 0
-873 0
-874 0
-875 0
-876 0
-877 0
-878 0
-879 0
881 0
-882 0
-883 0
-884 0
-885 0
-886 0
-887 0
-888 0
-889 0
938 0
-931 0
-932 0
-933 0
-934 0
-935 0
-936 0
-937 0
-939 0
951 0
-952 0
-953 0
-954 0
-955 0
-956 0
-957 0
-958 0
-959 0
153 0
-151 0
-152 0
-154 0
-155 0
-156 0
-157 0
-158 0
-159 0
174 0
-171 0
-172 0
-173 0
-175 0
-176 0
-177 0
-178 0
-179 0
223 0
-221 0
-222 0
-224 0
-225 0
-226 0
-227 0
-228 0
-229 0
232 0
-231 0
-233 0
-234 0
-235 0
-236 0
-237 0
-238 0
-239 0
256 0
-251 0
-252 0
-253 0
-254 0
-255 0
-257 0
-258 0
-259 0
288 0
-281 0
-282 0
-283 0
-284 0
-285 0
-286 0
-287 0
-289 0
321 0
-322 0
-323 0
-324 0
-325 0
-326 0
-327 0
-328 0
-329 0
347 0
-341 0
-342 0
-343 0
-344 0
-345 0
-346 0
-348 0
-349 0
368 0
-361 0
-362 0
-363 0
-364 0
-365 0
-366 0
-367 0
-369 0
385 0
-381 0
-382 0
-383 0
-384 0
-386 0
-387 0
-388 0
-389 0
433 0
-431 0
-432 0
-434 0
-435 0
-436 0
-437 0
-438 0
-439 0
449 0
-441 0
-442 0
-443 0
-444 0
-445 0
-446 0
-447 0
-448 0
467 0
-461 0
-462 0
-463 0
-464 0
-465 0
-466 0
-468 0
-469 0
476 0
-471 0
-472 0
-473 0
-474 0
-475 0
-477 0
-478 0
-479 0
518 0
-511 0
-512 0
-513 0
-514 0
-515 0
-516 0
-517 0
-519 0
526 0
-521 0
-522 0
-523 0
-524 0
-525 0
-527 0
-528 0
-529 0
587 0
-581 0
-582 0
-583 0
-584 0
-585 0
-586 0
-588 0
-589 0
593 0
-591 0
-592 0
-594 0
-595 0
-596 0
-597 0
-598 0
-599 0
637 0
-631 0
-632 0
-633 0
-634 0
-635 0
-636 0
-638 0
-639 0
643 0
-641 0
-642 0
-644 0
-645 0
-646 0
-647 0
-648 0
-649 0
666 0
-661 0
-662 0
-663 0
-664 0
-665 0
-667 0
-668 0
-669 0
671 0
-672 0
-673 0
-674 0
-675 0
-676 0
-677 0
-678 0
-679 0
724 0
-721 0
-722 0
-723 0
-725 0
-726 0
-727 0
-728 0
-729 0
742 0
-741 0
-743 0
-744 0
-745 0
-746 0
-747 0
-748 0
-749 0
769 0
-761 0
-762 0
-763 0
-764 0
-765 0
-766 0
-767 0
-768 0
783 0
-781 0
-782 0
-784 0
-785 0
-786 0
-787 0
-788 0
-789 0
827 0
-821 0
-822 0
-823 0
-824 0
-825 0
-826 0
-828 0
-829 0
855 0
-851 0
-852 0
-853 0
-854 0
-856 0
-857 0
-858 0
-859 0
872 0
-871 0
-873 0
-874 0
-875 0
-876 0
-877 0
-878 0
-879 0
881 0
-882 0
-883 0
-884 0
-885 0
-886 0
-887 0
-888 0
-889 0
938 0
-931 0
-932 0
-933 0
-934 0
-935 0
-936 0
-937 0
-939 0
951 0
-952 0
-953 0
-954 0
-955 0
-956 0
-957 0
-958 0
-959 0
