136 0
-131 0
-132 0
-133 0
-134 0
-135 0
-137 0
-138 0
-139 0
143 0
-141 0
-142 0
-144 0
-145 0
-146 0
-147 0
-148 0
-149 0
169 0
-161 0
-162 0
-163 0
-164 0
-165 0
-166 0
-167 0
-168 0
215 0
-211 0
-212 0
-213 0
-214 0
-216 0
-217 0
-218 0
-219 0
251 0
-252 0
-253 0
-254 0
-255 0
-256 0
-257 0
-258 0
-259 0
289 0
-281 0
-282 0
-283 0
-284 0
-285 0
-286 0
-287 0
-288 0
329 0
-321 0
-322 0
-323 0
-324 0
-325 0
-326 0
-327 0
-328 0
372 0
-371 0
-373 0
-374 0
-375 0
-376 0
-377 0
-378 0
-379 0
411 0
-412 0
-413 0
-414 0
-415 0
-416 0
-417 0
-418 0
-419 0
442 0
-441 0
-443 0
-444 0
-445 0
-446 0
-447 0
-448 0
-449 0
458 0
-451 0
-452 0
-453 0
-454 0
-455 0
-456 0
-457 0
-459 0
464 0
-461 0
-462 0
-463 0
-465 0
-466 0
-467 0
-468 0
-469 0
497 0
-491 0
-492 0
-493 0
-494 0
-495 0
-496 0
-498 0
-499 0
524 0
-521 0
-522 0
-523 0
-525 0
-526 0
-527 0
-528 0
-529 0
541 0
-542 0
-543 0
-544 0
-545 0
-546 0
-547 0
-548 0
-549 0
567 0
-561 0
-562 0
-563 0
-564 0
-565 0
-566 0
-568 0
-569 0
588 0
-581 0
-582 0
-583 0
-584 0
-585 0
-586 0
-587 0
-589 0
618 0
-611 0
-612 0
-613 0
-614 0
-615 0
-616 0
-617 0
-619 0
645 0
-641 0
-642 0
-643 0
-644 0
-646 0
-647 0
-648 0
-649 0
653 0
-651 0
-652 0
-654 0
-655 0
-656 0
-657 0
-658 0
-659 0
666 0
-661 0
-662 0
-663 0
-664 0
-665 0
-667 0
-668 0
-669 0
692 0
-691 0
-693 0
-694 0
-695 0
-696 0
-697 0
-698 0
-699 0
737 0
-731 0
-732 0
-733 0
-734 0
-735 0
-736 0
-738 0
-739 0
786 0
-781 0
-782 0
-783 0
-784 0
-785 0
-787 0
-788 0
-789 0
823 0
-821 0
-822 0
-824 0
-825 0
-826 0
-827 0
-828 0
-829 0
854 0
-851 0
-852 0
-853 0
-855 0
-856 0
-857 0
-858 0
-859 0
899 0
-891 0
-892 0
-893 0
-894 0
-895 0
-896 0
-897 0
-898 0
948 0
-941 0
-942 0
-943 0
-944 0
-945 0
-946 0
-947 0
-949 0
963 0
-961 0
-962 0
-964 0
-965 0
-966 0
-967 0
-968 0
-969 0
971 0
-972 0
-973 0
-974 0
-975 0
-976 0
-977 0
-978 0
-979 0
136 0
-131 0
-132 0
-133 0
-134 0
-135 0
-137 0
-138 0
-139 0
143 0
-141 0
-142 0
-144 0
-145 0
-146 0
-147 0
-148 0
-149 0
169 0
-161 0
-162 0
-163 0
-164 0
-165 0
-166 0
-167 0
-168 0
215 0
-211 0
-212 0
-213 0
-214 0
-216 0
-217 0
-218 0
-219 0
251 0
-252 0
-253 0
-254 0
-255 0
-256 0
-257 0
-258 0
-259 0
289 0
-281 0
-282 0
-283 0
-284 0
-285 0
-286 0
-287 0
-288 0
329 0
-321 0
-322 0
-323 0
-324 0
-325 0
-326 0
-327 0
-328 0
372 0
-371 0
-373 0
-374 0
-375 0
-376 0
-377 0
-378 0
-379 0
411 0
-412 0
-413 0
-414 0
-415 0
-416 0
-417 0
-418 0
-419 0
442 0
-441 0
-443 0
-444 0
-445 0
-446 0
-447 0
-448 0
-449 0
458 0
-451 0
-452 0
-453 0
-454 0
-455 0
-456 0
-457 0
-459 0
464 0
-461 0
-462 0
-463 0
-465 0
-466 0
-467 0
-468 0
-469 0
497 0
-491 0
-492 0
-493 0
-494 0
-495 0
-496 0
-498 0
-499 0
524 0
-521 0
-522 0
-523 0
-525 0
-526 0
-527 0
-528 0
-529 0
541 0
-542 0
-543 0
-544 0
-545 0
-546 0
-547 0
-548 0
-549 0
567 0
-561 0
-562 0
-563 0
-564 0
-565 0
-566 0
-568 0
-569 0
588 0
-581 0
-582 0
-583 0
-584 0
-585 0
-586 0
-587 0
-589 0
618 0
-611 0
-612 0
-613 0
-614 0
-615 0
-616 0
-617 0
-619 0
645 0
-641 0
-642 0
-643 0
-644 0
-646 0
-647 0
-648 0
-649 0
653 0
-651 0
-652 0
-654 0
-655 0
-656 0
-657 0
-658 0
-659 0
666 0
-661 0
-662 0
-663 0
-664 0
-665 0
-667 0
-668 0
-669 0
692 0
-691 0
-693 0
-694 0
-695 0
-696 0
-697 0
-698 0
-699 0
737 0
-731 0
-732 0
-733 0
-734 0
-735 0
-736 0
-738 0
-739 0
786 0
-781 0
-782 0
-783 0
-784 0
-785 0
-787 0
-788 0
-789 0
823 0
-821 0
-822 0
-824 0
-825 0
-826 0
-827 0
-828 0
-829 0
854 0
-851 0
-852 0
-853 0
-855 0
-856 0
-857 0
-858 0
-859 0
899 0
-891 0
-892 0
-893 0
-894 0
-895 0
-896 0
-897 0
-898 0
948 0
-941 0
-942 0
-943 0
-944 0
-945 0
-946 0
-947 0
-949 0
963 0
-961 0
-962 0
-964 0
-965 0
-966 0
-967 0
-968 0
-969 0
971 0
-972 0
-973 0
-974 0
-975 0
-976 0
-977 0
-978 0
-979 0
