136 0
-131 0
-132 0
-133 0
-134 0
-135 0
-137 0
-138 0
-139 0
167 0
-161 0
-162 0
-163 0
-164 0
-165 0
-166 0
-168 0
-169 0
171 0
-172 0
-173 0
-174 0
-175 0
-176 0
-177 0
-178 0
-179 0
225 0
-221 0
-222 0
-223 0
-224 0
-226 0
-227 0
-228 0
-229 0
238 0
-231 0
-232 0
-233 0
-234 0
-235 0
-236 0
-237 0
-239 0
272 0
-271 0
-273 0
-274 0
-275 0
-276 0
-277 0
-278 0
-279 0
287 0
-281 0
-282 0
-283 0
-284 0
-285 0
-286 0
-288 0
-289 0
345 0
-341 0
-342 0
-343 0
-344 0
-346 0
-347 0
-348 0
-349 0
353 0
-351 0
-352 0
-354 0
-355 0
-356 0
-357 0
-358 0
-359 0
366 0
-361 0
-362 0
-363 0
-364 0
-365 0
-367 0
-368 0
-369 0
411 0
-412 0
-413 0
-414 0
-415 0
-416 0
-417 0
-418 0
-419 0
443 0
-441 0
-442 0
-444 0
-445 0
-446 0
-447 0
-448 0
-449 0
464 0
-461 0
-462 0
-463 0
-465 0
-466 0
-467 0
-468 0
-469 0
498 0
-491 0
-492 0
-493 0
-494 0
-495 0
-496 0
-497 0
-499 0
618 0
-611 0
-612 0
-613 0
-614 0
-615 0
-616 0
-617 0
-619 0
626 0
-621 0
-622 0
-623 0
-624 0
-625 0
-627 0
-628 0
-629 0
642 0
-641 0
-643 0
-644 0
-645 0
-646 0
-647 0
-648 0
-649 0
665 0
-661 0
-662 0
-663 0
-664 0
-666 0
-667 0
-668 0
-669 0
683 0
-681 0
-682 0
-684 0
-685 0
-686 0
-687 0
-688 0
-689 0
699 0
-691 0
-692 0
-693 0
-694 0
-695 0
-696 0
-697 0
-698 0
746 0
-741 0
-742 0
-743 0
-744 0
-745 0
-747 0
-748 0
-749 0
754 0
-751 0
-752 0
-753 0
-755 0
-756 0
-757 0
-758 0
-759 0
763 0
-761 0
-762 0
-764 0
-765 0
-766 0
-767 0
-768 0
-769 0
821 0
-822 0
-823 0
-824 0
-825 0
-826 0
-827 0
-828 0
-829 0
833 0
-831 0
-832 0
-834 0
-835 0
-836 0
-837 0
-838 0
-839 0
878 0
-871 0
-872 0
-873 0
-874 0
-875 0
-876 0
-877 0
-879 0
886 0
-881 0
-882 0
-883 0
-884 0
-885 0
-887 0
-888 0
-889 0
939 0
-931 0
-932 0
-933 0
-934 0
-935 0
-936 0
-937 0
-938 0
941 0
-942 0
-943 0
-944 0
-945 0
-946 0
-947 0
-948 0
-949 0
973 0
-971 0
-972 0
-974 0
-975 0
-976 0
-977 0
-978 0
-979 0
136 0
-131 0
-132 0
-133 0
-134 0
-135 0
-137 0
-138 0
-139 0
167 0
-161 0
-162 0
-163 0
-164 0
-165 0
-166 0
-168 0
-169 0
171 0
-172 0
-173 0
-174 0
-175 0
-176 0
-177 0
-178 0
-179 0
225 0
-221 0
-222 0
-223 0
-224 0
-226 0
-227 0
-228 0
-229 0
238 0
-231 0
-232 0
-233 0
-234 0
-235 0
-236 0
-237 0
-239 0
272 0
-271 0
-273 0
-274 0
-275 0
-276 0
-277 0
-278 0
-279 0
287 0
-281 0
-282 0
-283 0
-284 0
-285 0
-286 0
-288 0
-289 0
345 0
-341 0
-342 0
-343 0
-344 0
-346 0
-347 0
-348 0
-349 0
353 0
-351 0
-352 0
-354 0
-355 0
-356 0
-357 0
-358 0
-359 0
366 0
-361 0
-362 0
-363 0
-364 0
-365 0
-367 0
-368 0
-369 0
411 0
-412 0
-413 0
-414 0
-415 0
-416 0
-417 0
-418 0
-419 0
443 0
-441 0
-442 0
-444 0
-445 0
-446 0
-447 0
-448 0
-449 0
464 0
-461 0
-462 0
-463 0
-465 0
-466 0
-467 0
-468 0
-469 0
498 0
-491 0
-492 0
-493 0
-494 0
-495 0
-496 0
-497 0
-499 0
618 0
-611 0
-612 0
-613 0
-614 0
-615 0
-616 0
-617 0
-619 0
626 0
-621 0
-622 0
-623 0
-624 0
-625 0
-627 0
-628 0
-629 0
642 0
-641 0
-643 0
-644 0
-645 0
-646 0
-647 0
-648 0
-649 0
665 0
-661 0
-662 0
-663 0
-664 0
-666 0
-667 0
-668 0
-669 0
683 0
-681 0
-682 0
-684 0
-685 0
-686 0
-687 0
-688 0
-689 0
699 0
-691 0
-692 0
-693 0
-694 0
-695 0
-696 0
-697 0
-698 0
746 0
-741 0
-742 0
-743 0
-744 0
-745 0
-747 0
-748 0
-749 0
754 0
-751 0
-752 0
-753 0
-755 0
-756 0
-757 0
-758 0
-759 0
763 0
-761 0
-762 0
-764 0
-765 0
-766 0
-767 0
-768 0
-769 0
821 0
-822 0
-823 0
-824 0
-825 0
-826 0
-827 0
-828 0
-829 0
833 0
-831 0
-832 0
-834 0
-835 0
-836 0
-837 0
-838 0
-839 0
878 0
-871 0
-872 0
-873 0
-874 0
-875 0
-876 0
-877 0
-879 0
886 0
-881 0
-882 0
-883 0
-884 0
-885 0
-887 0
-888 0
-889 0
939 0
-931 0
-932 0
-933 0
-934 0
-935 0
-936 0
-937 0
-938 0
941 0
-942 0
-943 0
-944 0
-945 0
-946 0
-947 0
-948 0
-949 0
973 0
-971 0
-972 0
-974 0
-975 0
-976 0
-977 0
-978 0
-979 0
