155 0
-151 0
-152 0
-153 0
-154 0
-156 0
-157 0
-158 0
-159 0
173 0
-171 0
-172 0
-174 0
-175 0
-176 0
-177 0
-178 0
-179 0
181 0
-182 0
-183 0
-184 0
-185 0
-186 0
-187 0
-188 0
-189 0
249 0
-241 0
-242 0
-243 0
-244 0
-245 0
-246 0
-247 0
-248 0
275 0
-271 0
-272 0
-273 0
-274 0
-276 0
-277 0
-278 0
-279 0
332 0
-331 0
-333 0
-334 0
-335 0
-336 0
-337 0
-338 0
-339 0
347 0
-341 0
-342 0
-343 0
-344 0
-345 0
-346 0
-348 0
-349 0
429 0
-421 0
-422 0
-423 0
-424 0
-425 0
-426 0
-427 0
-428 0
444 0
-441 0
-442 0
-443 0
-445 0
-446 0
-447 0
-448 0
-449 0
493 0
-491 0
-492 0
-494 0
-495 0
-496 0
-497 0
-498 0
-499 0
512 0
-511 0
-513 0
-514 0
-515 0
-516 0
-517 0
-518 0
-519 0
558 0
-551 0
-552 0
-553 0
-554 0
-555 0
-556 0
-557 0
-559 0
565 0
-561 0
-562 0
-563 0
-564 0
-566 0
-567 0
-568 0
-569 0
586 0
-581 0
-582 0
-583 0
-584 0
-585 0
-587 0
-588 0
-589 0
628 0
-621 0
-622 0
-623 0
-624 0
-625 0
-626 0
-627 0
-629 0
635 0
-631 0
-632 0
-633 0
-634 0
-636 0
-637 0
-638 0
-639 0
684 0
-681 0
-682 0
-683 0
-685 0
-686 0
-687 0
-688 0
-689 0
768 0
-761 0
-762 0
-763 0
-764 0
-765 0
-766 0
-767 0
-769 0
831 0
-832 0
-833 0
-834 0
-835 0
-836 0
-837 0
-838 0
-839 0
866 0
-861 0
-862 0
-863 0
-864 0
-865 0
-867 0
-868 0
-869 0
917 0
-911 0
-912 0
-913 0
-914 0
-915 0
-916 0
-918 0
-919 0
953 0
-951 0
-952 0
-954 0
-955 0
-956 0
-957 0
-958 0
-959 0
979 0
-971 0
-972 0
-973 0
-974 0
-975 0
-976 0
-977 0
-978 0
155 0
-151 0
-152 0
-153 0
-154 0
-156 0
-157 0
-158 0
-159 0
173 0
-171 0
-172 0
-174 0
-175 0
-176 0
-177 0
-178 0
-179 0
181 0
-182 0
-183 0
-184 0
-185 0
-186 0
-187 0
-188 0
-189 0
249 0
-241 0
-242 0
-243 0
-244 0
-245 0
-246 0
-247 0
-248 0
275 0
-271 0
-272 0
-273 0
-274 0
-276 0
-277 0
-278 0
-279 0
332 0
-331 0
-333 0
-334 0
-335 0
-336 0
-337 0
-338 0
-339 0
347 0
-341 0
-342 0
-343 0
-344 0
-345 0
-346 0
-348 0
-349 0
429 0
-421 0
-422 0
-423 0
-424 0
-425 0
-426 0
-427 0
-428 0
444 0
-441 0
-442 0
-443 0
-445 0
-446 0
-447 0
-448 0
-449 0
493 0
-491 0
-492 0
-494 0
-495 0
-496 0
-497 0
-498 0
-499 0
512 0
-511 0
-513 0
-514 0
-515 0
-516 0
-517 0
-518 0
-519 0
558 0
-551 0
-552 0
-553 0
-554 0
-555 0
-556 0
-557 0
-559 0
565 0
-561 0
-562 0
-563 0
-564 0
-566 0
-567 0
-568 0
-569 0
586 0
-581 0
-582 0
-583 0
-584 0
-585 0
-587 0
-588 0
-589 0
628 0
-621 0
-622 0
-623 0
-624 0
-625 0
-626 0
-627 0
-629 0
635 0
-631 0
-632 0
-633 0
-634 0
-636 0
-637 0
-638 0
-639 0
684 0
-681 0
-682 0
-683 0
-685 0
-686 0
-687 0
-688 0
-689 0
768 0
-761 0
-762 0
-763 0
-764 0
-765 0
-766 0
-767 0
-769 0
831 0
-832 0
-833 0
-834 0
-835 0
-836 0
-837 0
-838 0
-839 0
866 0
-861 0
-862 0
-863 0
-864 0
-865 0
-867 0
-868 0
-869 0
917 0
-911 0
-912 0
-913 0
-914 0
-915 0
-916 0
-918 0
-919 0
953 0
-951 0
-952 0
-954 0
-955 0
-956 0
-957 0
-958 0
-959 0
979 0
-971 0
-972 0
-973 0
-974 0
-975 0
-976 0
-977 0
-978 0
